filename	read_id	run_id	batch_id	channel	mux	start_time	duration	num_events	passes_filtering	template_start	num_events_template	template_duration	sequence_length_template	mean_qscore_template	strand_score_template	median_template	mad_template	scaling_median_template	scaling_mad_template
FAL03879_67a0761e_11.fast5	c6f18a56-5254-454d-87ac-5b7b549ece8b	67a0761ea992f55d7000e748e88761780ca1bb60	0	183	1	644.735750	4.554000	4554	TRUE	644.802750	4487	4.487000	1619	12.344433	0.000000	81.653290	10.981570	83.512344	10.203478
FAL03879_67a0761e_11.fast5	2d0a033a-2b35-4999-9d71-c02ed98682d0	67a0761ea992f55d7000e748e88761780ca1bb60	0	22	1	629.225250	1.676250	1676	TRUE	629.427250	1474	1.474250	600	10.304273	0.000000	91.572128	10.627326	92.744118	11.906161
FAL03879_67a0761e_11.fast5	8f26833e-cd46-4886-a981-b735a07e906d	67a0761ea992f55d7000e748e88761780ca1bb60	0	264	1	642.564750	2.881250	2881	FALSE	642.620750	2825	2.825250	957	4.739245	0.000000	65.535179	8.856105	65.769218	8.449733
FAL03879_67a0761e_11.fast5	f63650ff-d668-492b-92b8-ad69b3b3d5ac	67a0761ea992f55d7000e748e88761780ca1bb60	0	10	4	632.828750	3.479500	3479	TRUE	632.914750	3393	3.393500	1543	7.380606	0.000000	93.520470	8.147616	90.775764	10.443282
FAL03879_67a0761e_11.fast5	152f4d96-fa0a-4f43-afad-09b01dd0983b	67a0761ea992f55d7000e748e88761780ca1bb60	0	171	2	624.580250	4.247500	4247	TRUE	624.708250	4119	4.119500	1620	11.163144	0.000000	88.915298	8.856105	88.484230	10.294578
FAL03879_67a0761e_11.fast5	51895a40-491b-4850-80e6-9eabb93776c4	67a0761ea992f55d7000e748e88761780ca1bb60	0	381	3	615.752000	4.651000	4651	TRUE	615.771000	4632	4.632000	1617	10.824948	0.000000	79.882065	10.804448	80.797142	9.821796
FAL03879_67a0761e_11.fast5	4915ca12-b0cf-41ef-979e-4a4f5bc0197f	67a0761ea992f55d7000e748e88761780ca1bb60	0	196	2	614.223500	9.468500	9468	TRUE	614.358500	9333	9.333500	3555	13.078183	0.000000	83.424507	10.627326	83.012924	10.223109
FAL03879_67a0761e_11.fast5	f920d486-2afa-4072-b397-349e01d70d22	67a0761ea992f55d7000e748e88761780ca1bb60	0	63	3	628.622500	2.040500	2040	TRUE	628.746500	1916	1.916500	585	7.734571	0.000000	84.487244	9.210349	82.987396	10.152020
FAL03879_67a0761e_11.fast5	e1fc4a9e-6d32-4ff6-9811-fd95503d0b5b	67a0761ea992f55d7000e748e88761780ca1bb60	0	255	2	623.495500	7.341000	7341	TRUE	623.707500	7129	7.129000	1667	10.796576	0.000000	76.516747	10.450204	80.351379	9.941194
FAL03879_67a0761e_11.fast5	79107fcc-4689-40ee-8281-eec0aaa4cbd2	67a0761ea992f55d7000e748e88761780ca1bb60	0	187	4	626.010750	4.584000	4584	FALSE	626.078750	4516	4.516000	1476	6.265995	0.000000	86.612709	9.564593	83.866150	10.266892
FAL03879_67a0761e_11.fast5	8ca329da-eeef-42fe-896c-ba56b62d596c	67a0761ea992f55d7000e748e88761780ca1bb60	0	106	3	610.610000	1.210500	1210	TRUE	610.634000	1186	1.186500	524	8.150860	0.000000	87.675438	10.095960	86.020203	10.222163
FAL03879_67a0761e_11.fast5	9e6e596c-acd8-4622-a9e2-2f035db5576c	67a0761ea992f55d7000e748e88761780ca1bb60	0	485	1	642.155750	3.682750	3682	FALSE	642.435750	3402	3.402750	1608	6.385323	0.000000	85.549973	9.918838	87.184883	10.417105
FAL03879_67a0761e_11.fast5	417c152c-a3ed-4ac5-99fc-d389100565af	67a0761ea992f55d7000e748e88761780ca1bb60	0	105	2	646.660750	5.265000	5265	TRUE	646.739750	5186	5.186000	1561	8.002213	0.000000	90.509392	9.741715	89.614166	11.287432
FAL03879_67a0761e_11.fast5	0b01710b-e03f-43d0-8093-77a2f42f3813	67a0761ea992f55d7000e748e88761780ca1bb60	0	336	3	648.370250	4.436250	4436	FALSE	648.587250	4219	4.219250	1572	6.740299	0.000000	81.830414	8.856105	80.231430	10.104329
FAL03879_67a0761e_11.fast5	d9bdc217-1bbd-4457-abfe-b7a4fa039ae0	67a0761ea992f55d7000e748e88761780ca1bb60	0	157	1	645.664500	8.868000	8868	TRUE	645.841500	8691	8.691000	3178	10.554015	0.000000	84.310120	10.627326	85.299362	11.013192
FAL03879_67a0761e_11.fast5	188c86f6-3364-4ffd-b735-cbfe25783a10	67a0761ea992f55d7000e748e88761780ca1bb60	0	490	4	654.080250	4.419000	4419	TRUE	654.227250	4272	4.272000	1610	11.114082	0.000000	87.852562	9.033227	85.818550	10.060627
FAL03879_67a0761e_11.fast5	aceafd5f-af35-45ff-a9a1-1a11f50ab620	67a0761ea992f55d7000e748e88761780ca1bb60	0	451	2	620.490000	3.110000	3110	TRUE	620.646000	2954	2.954000	1611	9.230814	0.000000	86.435585	8.324739	81.640045	10.036052
FAL03879_67a0761e_11.fast5	7c89e665-3fe3-4d71-a38b-090a3f112361	67a0761ea992f55d7000e748e88761780ca1bb60	0	336	3	654.274500	4.480750	4480	FALSE	654.311500	4443	4.443750	1549	6.907662	0.000000	81.830414	8.147616	79.984444	10.160292
FAL03879_67a0761e_11.fast5	7d434695-9c7d-4aaf-9425-be297f26d192	67a0761ea992f55d7000e748e88761780ca1bb60	0	445	1	622.591750	2.721250	2721	TRUE	622.656750	2656	2.656250	755	8.250713	0.000000	89.446663	9.564593	88.589180	10.327066
FAL03879_67a0761e_11.fast5	3a472db2-d5cb-4db0-8e31-1233c4886d06	67a0761ea992f55d7000e748e88761780ca1bb60	0	427	3	636.209000	4.411750	4411	TRUE	636.366000	4254	4.254750	1604	10.310590	0.000000	87.321198	8.856105	83.356705	10.481634
FAL03879_67a0761e_11.fast5	c45b3021-458c-4031-bedf-aaa6c44a3d3c	67a0761ea992f55d7000e748e88761780ca1bb60	0	442	1	648.390750	2.445500	2445	TRUE	648.665750	2170	2.170500	605	8.367495	0.000000	88.029686	10.627326	85.603416	10.678280
FAL03879_67a0761e_11.fast5	7b8922da-081e-4b8e-9bf2-ff5866b84ba6	67a0761ea992f55d7000e748e88761780ca1bb60	0	371	2	642.141250	8.222250	8222	TRUE	642.918250	7445	7.445250	1642	10.723716	0.000000	85.549973	10.804448	86.012825	11.179810
FAL03879_67a0761e_11.fast5	71c4c741-4001-4aa7-9f39-f81131e3d197	67a0761ea992f55d7000e748e88761780ca1bb60	0	473	4	631.088500	7.016250	7016	FALSE	631.188500	6916	6.916250	1504	5.614734	0.000000	69.963226	8.678983	72.381241	9.116860
FAL03879_67a0761e_11.fast5	4e351242-9a19-4d3a-86ed-41ff91a30982	67a0761ea992f55d7000e748e88761780ca1bb60	0	96	3	636.791750	5.086750	5086	TRUE	636.815750	5062	5.062750	1403	11.537254	0.000000	86.081345	8.678983	81.477837	9.887810
FAL03879_67a0761e_11.fast5	8289a57c-2b35-42e3-a9c0-0e26082d89dc	67a0761ea992f55d7000e748e88761780ca1bb60	0	138	2	637.215250	1.193750	1193	FALSE	637.373250	1035	1.035750	427	4.038273	0.000000	103.262184	8.501861	101.614792	11.961803
FAL03879_67a0761e_11.fast5	5ee40c78-cfb7-4112-b8f5-b4bc2c24f917	67a0761ea992f55d7000e748e88761780ca1bb60	0	189	1	645.676000	4.055000	4055	TRUE	645.776000	3955	3.955000	1587	9.530493	0.000000	88.029686	8.501861	85.664825	10.244569
FAL03879_67a0761e_11.fast5	7937d7a5-c562-4569-bd7a-0ff82f8fb8cb	67a0761ea992f55d7000e748e88761780ca1bb60	0	229	2	614.525000	3.297500	3297	TRUE	614.589000	3233	3.233500	1220	7.536804	0.000000	86.081345	10.273082	80.988304	10.082712
FAL03879_67a0761e_11.fast5	e2bf9de9-aca6-4253-9fd6-7fce02d97726	67a0761ea992f55d7000e748e88761780ca1bb60	0	319	2	642.167750	1.931750	1931	TRUE	642.359750	1739	1.739750	589	8.204783	0.000000	85.549973	10.273082	81.817169	10.290284
FAL03879_67a0761e_11.fast5	6710a511-db93-4360-8332-2e6f1ff89c1f	67a0761ea992f55d7000e748e88761780ca1bb60	0	288	3	623.450000	4.893750	4893	TRUE	623.631000	4712	4.712750	1636	11.922677	0.000000	87.675438	9.210349	84.915009	10.659752
FAL03879_67a0761e_11.fast5	b946c89e-6bf8-4104-8a7b-7f6f5457d616	67a0761ea992f55d7000e748e88761780ca1bb60	0	70	2	634.056250	2.590500	2590	TRUE	634.149250	2497	2.497500	952	7.739345	0.000000	85.549973	10.981570	80.400551	10.206144
FAL03879_67a0761e_11.fast5	ee1732b1-4e9f-41c9-8f07-3dda0b0bd50a	67a0761ea992f55d7000e748e88761780ca1bb60	0	109	1	632.679250	4.599500	4599	TRUE	632.734250	4544	4.544500	1638	10.699585	0.000000	84.310120	10.804448	87.538841	10.687839
FAL03879_67a0761e_11.fast5	967b0f1f-79b9-46a6-b244-b41eda513885	67a0761ea992f55d7000e748e88761780ca1bb60	0	151	4	624.184750	4.875500	4875	TRUE	624.257750	4802	4.802500	1619	11.834125	0.000000	77.048111	10.273082	79.105949	9.809552
FAL03879_67a0761e_11.fast5	8f960d25-1921-42e1-b0b4-d246e1987494	67a0761ea992f55d7000e748e88761780ca1bb60	0	160	3	613.188750	3.845250	3845	TRUE	613.224750	3809	3.809250	1646	10.274375	0.000000	82.361778	8.324739	78.785446	9.838791
FAL03879_67a0761e_11.fast5	97ce15c2-c166-48c6-8321-4d3fa1aa6efa	67a0761ea992f55d7000e748e88761780ca1bb60	0	456	2	614.969750	1.793750	1793	TRUE	615.035750	1727	1.727750	699	8.105366	0.000000	88.206810	9.918838	84.045502	10.315311
FAL03879_67a0761e_11.fast5	3289c951-bb1c-465e-b0e1-9b160efc4905	67a0761ea992f55d7000e748e88761780ca1bb60	0	416	1	644.412500	2.262750	2262	TRUE	644.446500	2228	2.228750	909	8.531238	0.000000	91.040756	9.741715	88.672821	10.903438
FAL03879_67a0761e_11.fast5	2c5c6942-b0aa-4117-a093-24772774b9be	67a0761ea992f55d7000e748e88761780ca1bb60	0	252	3	622.362500	4.695250	4695	TRUE	622.450500	4607	4.607250	1604	12.958282	0.000000	81.299042	10.627326	82.987877	10.237436
FAL03879_67a0761e_11.fast5	29414ae3-60e9-4af9-bae4-1f10c9154eaa	67a0761ea992f55d7000e748e88761780ca1bb60	0	132	3	636.361250	4.467000	4467	TRUE	636.421250	4407	4.407000	1641	11.676189	0.000000	86.258461	8.678983	83.577278	10.125602
FAL03879_67a0761e_11.fast5	60c4d25f-a4d8-434e-ae7a-f5882350b4d1	67a0761ea992f55d7000e748e88761780ca1bb60	0	192	1	617.454500	2.454750	2454	TRUE	617.519500	2389	2.389750	911	8.926265	0.000000	83.955879	10.095960	83.112457	10.616492
FAL03879_67a0761e_11.fast5	d585d528-f10e-4384-89a0-ce79604c57e3	67a0761ea992f55d7000e748e88761780ca1bb60	0	272	3	637.950250	4.334250	4334	TRUE	638.035250	4249	4.249250	1593	11.788291	0.000000	83.070267	8.501861	80.735329	9.947069
FAL03879_67a0761e_11.fast5	37966049-ff28-4c36-b0dd-facffbd4f331	67a0761ea992f55d7000e748e88761780ca1bb60	0	431	2	647.838750	4.469250	4469	TRUE	647.992750	4315	4.315250	1553	10.780972	0.000000	80.236313	10.273082	81.598091	9.859373
FAL03879_67a0761e_11.fast5	9ebf45e8-2821-47c8-bfb8-616b08c2cbaa	67a0761ea992f55d7000e748e88761780ca1bb60	0	73	2	640.606250	3.902250	3902	TRUE	640.812250	3696	3.696250	1522	9.594793	0.000000	103.085060	9.387471	102.286339	11.760237
FAL03879_67a0761e_11.fast5	9a37c555-4012-42b4-9c80-66ecbce6c577	67a0761ea992f55d7000e748e88761780ca1bb60	0	383	3	633.633500	2.386500	2386	TRUE	633.633500	2386	2.386500	931	8.333140	0.000000	85.904221	10.095960	82.130539	9.955857
FAL03879_67a0761e_11.fast5	b5949fe4-456f-48c4-be68-6f54cdd97d3e	67a0761ea992f55d7000e748e88761780ca1bb60	0	359	2	654.142250	4.728500	4728	TRUE	654.142250	4728	4.728500	1637	10.561029	0.000000	79.704948	10.981570	80.097298	9.994232
FAL03879_67a0761e_11.fast5	458ed00d-a78d-4a3c-b87d-7d0328587cc0	67a0761ea992f55d7000e748e88761780ca1bb60	0	280	1	626.422500	3.020750	3020	TRUE	626.682500	2760	2.760750	651	12.110906	0.000000	89.800903	9.741715	88.745445	10.489817
FAL03879_67a0761e_11.fast5	1cddbe1a-f232-42bd-9403-b653874302fa	67a0761ea992f55d7000e748e88761780ca1bb60	0	436	2	612.198250	1.997500	1997	TRUE	612.259250	1936	1.936500	698	9.396810	0.000000	91.217880	10.273082	89.777847	10.714365
FAL03879_67a0761e_11.fast5	cf926a1d-495f-4724-bd40-53b982fa014e	67a0761ea992f55d7000e748e88761780ca1bb60	0	48	1	642.756750	3.137250	3137	TRUE	643.113750	2780	2.780250	1076	8.208559	0.000000	95.114571	10.273082	91.665802	11.313388
FAL03879_67a0761e_11.fast5	56ead32b-54e6-4864-abda-67dfd174f771	67a0761ea992f55d7000e748e88761780ca1bb60	0	441	4	637.201250	4.018250	4018	TRUE	637.288250	3931	3.931250	1610	9.446690	0.000000	94.937447	9.033227	91.763855	10.733554
FAL03879_67a0761e_11.fast5	686a99d4-75c4-427d-91d6-dcf3396e6d1d	67a0761ea992f55d7000e748e88761780ca1bb60	0	509	1	622.923750	4.695000	4695	TRUE	623.106750	4512	4.512000	1611	10.163905	0.000000	88.738174	9.033227	86.574158	10.555178
FAL03879_67a0761e_11.fast5	72cdfa8e-9ed9-4632-ab22-88ddc1a4a897	67a0761ea992f55d7000e748e88761780ca1bb60	0	24	1	609.046500	4.830250	4830	TRUE	609.079500	4797	4.797250	1121	8.896353	0.000000	94.051834	10.804448	90.961128	10.565833
FAL03879_67a0761e_11.fast5	8ef262b7-3e6d-4b77-8dd8-86b66001294e	67a0761ea992f55d7000e748e88761780ca1bb60	0	155	2	647.520250	4.862250	4862	TRUE	647.564250	4818	4.818250	1659	10.925838	0.000000	88.383926	10.804448	90.273445	10.349452
FAL03879_67a0761e_11.fast5	381a274c-e994-4d65-a24d-82cb9e98c5c5	67a0761ea992f55d7000e748e88761780ca1bb60	0	17	1	627.062750	3.214500	3214	TRUE	627.631750	2645	2.645500	1077	10.712312	0.000000	88.029686	10.095960	89.254280	11.074516
FAL03879_67a0761e_11.fast5	42646eb3-edeb-4522-ae31-edf22e8504bb	67a0761ea992f55d7000e748e88761780ca1bb60	0	512	3	618.191250	4.354250	4354	TRUE	618.448250	4097	4.097250	1033	9.554612	0.000000	85.904221	9.033227	84.258980	10.331756
FAL03879_67a0761e_11.fast5	ea34906f-0f25-4ae9-8ada-eb512b549b37	67a0761ea992f55d7000e748e88761780ca1bb60	0	147	4	633.313000	1.061250	1061	TRUE	633.479000	895	0.895250	375	9.794723	0.000000	83.955879	9.741715	84.147758	10.172178
FAL03879_67a0761e_11.fast5	de08b417-0f0a-4efa-944c-9bd08d302846	67a0761ea992f55d7000e748e88761780ca1bb60	0	39	2	636.055000	4.759250	4759	TRUE	636.081000	4733	4.733250	1642	9.798330	0.000000	89.092415	10.627326	89.836006	10.660900
FAL03879_67a0761e_11.fast5	bacde315-9c25-4fe9-aada-e7bf3bd948c6	67a0761ea992f55d7000e748e88761780ca1bb60	0	489	3	655.715500	0.761250	761	TRUE	655.868500	608	0.608250	178	10.690220	0.000000	88.738174	9.387471	86.502487	10.629262
FAL03879_67a0761e_11.fast5	b66cac15-447a-41aa-9f18-63d4b79f1be0	67a0761ea992f55d7000e748e88761780ca1bb60	0	362	4	627.044500	5.050500	5050	TRUE	627.122500	4972	4.972500	1630	11.085970	0.000000	80.590553	10.627326	82.168068	9.959556
FAL03879_67a0761e_11.fast5	eb18347b-d4d7-473f-9273-2324688274a7	67a0761ea992f55d7000e748e88761780ca1bb60	0	136	4	617.791250	1.655250	1655	FALSE	617.832250	1614	1.614250	534	5.753010	0.000000	83.247391	9.387471	80.879280	9.869184
FAL03879_67a0761e_11.fast5	9cec553a-cb0d-4429-8351-f80ee5a41ddc	67a0761ea992f55d7000e748e88761780ca1bb60	0	69	2	657.117500	3.544500	3544	TRUE	657.130500	3531	3.531500	1389	7.493286	0.000000	86.258461	9.564593	84.343033	10.521013
FAL03879_67a0761e_11.fast5	4fe2aeca-57c6-44ff-8565-dfab5455e923	67a0761ea992f55d7000e748e88761780ca1bb60	0	185	3	647.853250	2.963750	2963	TRUE	648.047250	2769	2.769750	1097	8.666539	0.000000	87.321198	10.450204	81.925117	10.177711
FAL03879_67a0761e_11.fast5	7f7411e5-e227-4bbf-a6ea-921714446d83	67a0761ea992f55d7000e748e88761780ca1bb60	0	122	2	654.991500	2.344250	2344	FALSE	655.526500	1809	1.809250	691	4.919012	0.000000	93.697594	9.033227	89.976875	11.881927
FAL03879_67a0761e_11.fast5	028d7c5b-66d3-49f4-bfb5-f6030b0992e8	67a0761ea992f55d7000e748e88761780ca1bb60	0	156	1	637.075250	4.406750	4406	TRUE	637.168250	4313	4.313750	1651	12.282795	0.000000	89.269539	8.678983	87.153038	10.276762
FAL03879_67a0761e_11.fast5	05a2a969-6dec-4adc-8930-e2af1dd7d1d4	67a0761ea992f55d7000e748e88761780ca1bb60	0	392	4	639.731250	4.866250	4866	TRUE	639.848250	4749	4.749250	1021	9.073500	0.000000	85.372856	8.324739	84.551735	10.172678
FAL03879_67a0761e_11.fast5	e11ba429-cfab-46cd-a3d9-f997abae7098	67a0761ea992f55d7000e748e88761780ca1bb60	0	425	3	622.918000	1.790250	1790	TRUE	622.947000	1761	1.761250	688	8.477974	0.000000	87.852562	10.273082	84.926147	10.116022
FAL03879_67a0761e_11.fast5	20b80c32-c160-4d17-b30a-627b41e28000	67a0761ea992f55d7000e748e88761780ca1bb60	0	327	1	612.871750	4.161000	4161	TRUE	613.316750	3716	3.716000	1653	8.030113	0.000000	86.081345	10.273082	87.844971	10.918708
FAL03879_67a0761e_11.fast5	ca814a52-1ab9-4154-9e89-5f0f2c56652a	67a0761ea992f55d7000e748e88761780ca1bb60	0	185	3	633.247250	0.826500	826	TRUE	633.303250	770	0.770500	282	12.733457	0.000000	85.018608	9.210349	84.191422	10.621399
FAL03879_67a0761e_11.fast5	8c29b074-d026-4c8b-a8dc-c7b9418fbc32	67a0761ea992f55d7000e748e88761780ca1bb60	0	294	2	632.913250	4.565000	4565	TRUE	632.950250	4528	4.528000	1574	11.348686	0.000000	78.110847	10.450204	80.259789	10.235619
FAL03879_67a0761e_11.fast5	8c04690f-1076-4dd1-8667-3cd8eb917a34	67a0761ea992f55d7000e748e88761780ca1bb60	0	495	3	654.569000	3.644250	3644	TRUE	654.713000	3500	3.500250	1620	8.708611	0.000000	81.121925	10.273082	81.637398	9.805285
FAL03879_67a0761e_11.fast5	ddf252be-6a07-4cde-96bc-6e4c6910ec54	67a0761ea992f55d7000e748e88761780ca1bb60	0	315	3	625.521000	3.356000	3356	TRUE	625.622000	3255	3.255000	1216	10.106114	0.000000	85.018608	10.273082	83.237785	10.657728
FAL03879_67a0761e_11.fast5	bb6e24c1-e812-40d7-a259-a966cb3a8503	67a0761ea992f55d7000e748e88761780ca1bb60	0	101	3	632.975250	4.072500	4072	TRUE	633.021250	4026	4.026500	1604	11.492978	0.000000	85.549973	8.856105	83.312363	10.222426
FAL03879_67a0761e_11.fast5	d4ccf5e6-8ee0-445d-ad52-bffb52611549	67a0761ea992f55d7000e748e88761780ca1bb60	0	201	1	643.663250	4.646250	4646	TRUE	643.900250	4409	4.409250	1624	9.596832	0.000000	119.557419	9.564593	118.750961	12.568893
FAL03879_67a0761e_11.fast5	ac12c9e9-ae4d-443b-ba57-bfd125aa9369	67a0761ea992f55d7000e748e88761780ca1bb60	0	170	4	621.653000	5.517250	5517	TRUE	621.877000	5293	5.293250	1609	11.510644	0.000000	82.007530	10.981570	84.152008	10.261768
FAL03879_67a0761e_11.fast5	db617129-92e0-43c0-8459-8a97166f886e	67a0761ea992f55d7000e748e88761780ca1bb60	0	500	1	632.722250	4.549750	4549	TRUE	632.741250	4530	4.530750	1598	10.918011	0.000000	88.206810	9.033227	85.946815	10.261656
FAL03879_67a0761e_11.fast5	2cb5189a-ba73-40ba-bb27-ef113d14b5cd	67a0761ea992f55d7000e748e88761780ca1bb60	0	481	1	638.450000	5.767000	5767	TRUE	638.603000	5614	5.614000	1112	9.284032	0.000000	91.217880	9.741715	90.554672	10.920416
FAL03879_67a0761e_11.fast5	1d453a3b-c310-4aa7-bf18-8639ff036ca5	67a0761ea992f55d7000e748e88761780ca1bb60	0	245	1	611.827500	2.203000	2203	TRUE	611.917500	2113	2.113000	808	12.722242	0.000000	83.778755	9.741715	83.510513	10.017019
FAL03879_67a0761e_11.fast5	9677fa23-5ecb-4502-aacc-2fc5547390c8	67a0761ea992f55d7000e748e88761780ca1bb60	0	377	2	613.401750	1.685750	1685	FALSE	613.470750	1616	1.616750	730	6.405145	0.000000	89.269539	9.033227	86.775185	10.301605
FAL03879_67a0761e_11.fast5	e887f4f5-8f0a-4f72-9165-103e098cc97f	67a0761ea992f55d7000e748e88761780ca1bb60	0	263	1	613.285750	4.750500	4750	TRUE	613.437750	4598	4.598500	1624	10.378735	0.000000	85.018608	10.804448	87.845261	10.855089
FAL03879_67a0761e_11.fast5	a620704d-b276-4671-8dc3-3e265bc2de05	67a0761ea992f55d7000e748e88761780ca1bb60	0	114	4	651.262000	5.644750	5644	TRUE	651.605000	5301	5.301750	1658	11.868172	0.000000	83.955879	10.273082	85.297211	10.383045
FAL03879_67a0761e_11.fast5	89fb8cea-ba66-4b0b-a302-9e50ded8185d	67a0761ea992f55d7000e748e88761780ca1bb60	0	17	1	622.886750	2.636750	2636	TRUE	622.987750	2535	2.535750	1117	8.117417	0.000000	91.217880	10.095960	88.188744	10.373390
FAL03879_67a0761e_11.fast5	b1ef29ae-7934-43e2-a44a-d6eb3d8c9d6e	67a0761ea992f55d7000e748e88761780ca1bb60	0	206	3	653.246750	5.056500	5056	TRUE	653.409750	4893	4.893500	1637	11.018790	0.000000	80.590553	10.095960	80.891350	10.229107
FAL03879_67a0761e_11.fast5	2c58e3fa-2756-43fa-8286-c139c713a2ab	67a0761ea992f55d7000e748e88761780ca1bb60	0	328	3	615.769250	3.688500	3688	FALSE	616.032250	3425	3.425500	1617	5.799951	0.000000	79.882065	9.741715	81.305244	9.551827
FAL03879_67a0761e_11.fast5	5d9204c8-84b6-4a6e-a348-e6613366dabd	67a0761ea992f55d7000e748e88761780ca1bb60	0	479	3	653.188750	5.894250	5894	TRUE	653.277750	5805	5.805250	1657	12.282154	0.000000	87.321198	8.501861	86.332954	10.283475
FAL03879_67a0761e_11.fast5	22707cdf-7026-4967-948e-a9f97cc22186	67a0761ea992f55d7000e748e88761780ca1bb60	0	339	3	651.783000	4.230500	4230	TRUE	651.834000	4179	4.179500	1638	10.530234	0.000000	84.664368	10.804448	86.899910	10.353229
FAL03879_67a0761e_11.fast5	3f0b461d-f13a-4c5f-9fb0-0d63a743bf10	67a0761ea992f55d7000e748e88761780ca1bb60	0	216	3	633.173500	4.873000	4873	TRUE	633.222500	4824	4.824000	1586	7.988139	0.000000	85.195732	8.856105	84.585045	10.297592
FAL03879_67a0761e_11.fast5	19e4eea6-151f-4a2a-b4ef-a672e7115515	67a0761ea992f55d7000e748e88761780ca1bb60	0	210	1	642.005750	0.848500	848	TRUE	642.030750	823	0.823500	406	7.044314	0.000000	115.129364	10.095960	114.702522	12.069638
FAL03879_67a0761e_11.fast5	8e23fb20-37d1-42a5-8fc8-14b490664d57	67a0761ea992f55d7000e748e88761780ca1bb60	0	74	1	645.025250	4.382000	4382	TRUE	645.329250	4078	4.078000	1641	12.600589	0.000000	89.269539	9.387471	86.490318	10.512608
FAL03879_67a0761e_11.fast5	cf971083-46a3-446c-9c8c-05d9a15de492	67a0761ea992f55d7000e748e88761780ca1bb60	0	488	4	635.905750	6.163500	6163	TRUE	635.960750	6108	6.108500	1613	11.208668	0.000000	83.424507	8.501861	82.578804	9.816660
FAL03879_67a0761e_11.fast5	f15bb0d9-352c-49c5-a252-4216439c59cc	67a0761ea992f55d7000e748e88761780ca1bb60	0	336	3	635.413000	1.413750	1413	TRUE	635.468000	1358	1.358750	488	9.226684	0.000000	81.830414	9.033227	81.115150	9.767689
FAL03879_67a0761e_11.fast5	5105d8e2-bfd8-48d5-a730-ea9c350bd396	67a0761ea992f55d7000e748e88761780ca1bb60	0	118	4	633.245750	5.772500	5772	TRUE	633.557750	5460	5.460500	1640	11.371543	0.000000	82.716019	10.627326	83.681282	10.404430
FAL03879_67a0761e_11.fast5	08219648-a761-4b1a-911f-902b17a98164	67a0761ea992f55d7000e748e88761780ca1bb60	0	152	1	616.002250	3.982500	3982	TRUE	616.244250	3740	3.740500	1644	9.971194	0.000000	89.269539	9.387471	85.854698	10.482029
FAL03879_67a0761e_11.fast5	e8beff06-1f2a-485c-852c-b1f47f550217	67a0761ea992f55d7000e748e88761780ca1bb60	0	22	1	640.668250	4.607750	4607	TRUE	640.729250	4546	4.546750	1638	11.160525	0.000000	89.623787	10.450204	89.965508	10.720183
FAL03879_67a0761e_11.fast5	c418fbbc-2f46-450c-9036-06b9be2bcee1	67a0761ea992f55d7000e748e88761780ca1bb60	0	249	3	620.818250	4.861250	4861	TRUE	620.892250	4787	4.787250	1654	11.371677	0.000000	79.882065	10.804448	81.502510	10.498599
FAL03879_67a0761e_11.fast5	324879b2-c08d-4237-8d06-33e0728f5050	67a0761ea992f55d7000e748e88761780ca1bb60	0	184	3	636.161750	2.004250	2004	TRUE	636.176750	1989	1.989250	1020	7.396567	0.000000	81.476166	9.564593	78.452736	9.820169
FAL03879_67a0761e_11.fast5	926c5467-50df-48b9-986f-d0f93a993fc0	67a0761ea992f55d7000e748e88761780ca1bb60	0	120	3	619.245250	1.316750	1316	FALSE	619.252250	1309	1.309750	418	3.805523	0.000000	82.716019	10.450204	85.151848	12.083033
FAL03879_67a0761e_11.fast5	79fcc3f9-6a29-4f0a-b520-b51223223e48	67a0761ea992f55d7000e748e88761780ca1bb60	0	208	4	644.060000	1.497000	1497	TRUE	644.060000	1497	1.497000	575	8.057915	0.000000	87.675438	9.741715	83.191360	10.079696
FAL03879_67a0761e_11.fast5	c5eaeed8-f800-42f2-a45a-93fa8c1ad659	67a0761ea992f55d7000e748e88761780ca1bb60	0	452	2	615.169250	1.564500	1564	FALSE	615.268250	1465	1.465500	561	5.897907	0.000000	86.435585	8.856105	83.557358	10.222047
FAL03879_67a0761e_11.fast5	eeabe78d-8636-4660-b096-f68d63d3f768	67a0761ea992f55d7000e748e88761780ca1bb60	0	5	2	647.243250	3.094000	3094	TRUE	647.250250	3087	3.087000	1501	7.545232	0.000000	90.686516	8.856105	86.689911	10.249340
FAL03879_67a0761e_11.fast5	fd97328c-a3cf-430f-974e-59ac81dc2963	67a0761ea992f55d7000e748e88761780ca1bb60	0	127	3	641.083250	4.198750	4198	TRUE	641.172250	4109	4.109750	1562	11.343077	0.000000	87.321198	9.033227	85.954765	10.116565
FAL03879_67a0761e_11.fast5	43a45f2b-60db-403b-a05e-248ee0f71d9e	67a0761ea992f55d7000e748e88761780ca1bb60	0	343	3	626.095750	4.506000	4506	TRUE	626.324750	4277	4.277000	1627	11.234384	0.000000	91.926369	9.210349	89.534294	10.663898
FAL03879_67a0761e_11.fast5	34386f55-0ba0-429b-9b40-7568a60a33ce	67a0761ea992f55d7000e748e88761780ca1bb60	0	395	1	620.050750	3.549000	3549	TRUE	620.071750	3528	3.528000	1589	11.007939	0.000000	90.332275	9.210349	88.236649	10.239343
FAL03879_67a0761e_11.fast5	c2fd3a38-8ce8-4d9d-87cb-48289c877296	67a0761ea992f55d7000e748e88761780ca1bb60	0	430	1	639.245500	3.923250	3923	TRUE	639.275500	3893	3.893250	1585	11.038023	0.000000	89.269539	9.033227	86.244209	10.335338
FAL03879_67a0761e_11.fast5	78fef30d-6b63-44d3-9853-d2c31ca6972a	67a0761ea992f55d7000e748e88761780ca1bb60	0	397	2	650.727750	5.787000	5787	TRUE	650.820750	5694	5.694000	1991	11.272435	0.000000	83.778755	10.804448	86.758308	10.651883
FAL03879_67a0761e_11.fast5	1f01063f-1f77-4f79-9627-c5ab5da46162	67a0761ea992f55d7000e748e88761780ca1bb60	0	144	4	650.317000	3.187250	3187	TRUE	650.471000	3033	3.033250	848	10.438735	0.000000	79.527824	9.564593	80.134315	11.030178
FAL03879_67a0761e_11.fast5	cb151fa2-47aa-40b6-a0b1-b71a02da0616	67a0761ea992f55d7000e748e88761780ca1bb60	0	117	3	651.361750	5.109250	5109	TRUE	651.494750	4976	4.976250	1650	10.889421	0.000000	78.819336	10.627326	82.301979	9.857051
FAL03879_67a0761e_11.fast5	0e9271fe-3f6c-4242-b7ab-2aa58cee1869	67a0761ea992f55d7000e748e88761780ca1bb60	0	489	3	633.740000	4.951750	4951	TRUE	634.040000	4651	4.651750	1641	11.100224	0.000000	89.092415	9.387471	88.555435	10.841252
FAL03879_67a0761e_11.fast5	d77fa488-1d4d-4de9-bcec-56b41c3bc5f4	67a0761ea992f55d7000e748e88761780ca1bb60	0	383	3	641.634250	8.273250	8273	TRUE	641.939250	7968	7.968250	1722	12.644608	0.000000	87.144073	9.033227	83.432419	10.458925
FAL03879_67a0761e_11.fast5	e970a430-3ff1-43b7-89a6-f0bac850f586	67a0761ea992f55d7000e748e88761780ca1bb60	0	367	3	657.210500	2.248250	2248	TRUE	657.546500	1912	1.912250	837	7.344664	0.000000	84.664368	9.033227	81.348526	10.297890
FAL03879_67a0761e_11.fast5	9aec3b4f-575a-4d1a-b1fa-783d91469212	67a0761ea992f55d7000e748e88761780ca1bb60	0	2	2	646.467750	3.387750	3387	TRUE	646.547750	3307	3.307750	1591	8.208787	0.000000	95.645935	10.804448	95.145927	10.907660
FAL03879_67a0761e_11.fast5	dfe42ff6-a650-4484-8a36-efffd73a303b	67a0761ea992f55d7000e748e88761780ca1bb60	0	147	4	609.546000	3.629500	3629	TRUE	609.633000	3542	3.542500	1617	8.846067	0.000000	88.206810	8.856105	84.802803	10.169380
FAL03879_67a0761e_11.fast5	37e4e424-2b5d-4af6-9df5-7b8e273c8bbe	67a0761ea992f55d7000e748e88761780ca1bb60	0	142	3	654.933750	1.904250	1904	TRUE	655.082750	1755	1.755250	678	8.037679	0.000000	88.383926	9.741715	83.960426	10.176561
FAL03879_67a0761e_11.fast5	0b056021-1295-4bd4-aac6-17254cd41f25	67a0761ea992f55d7000e748e88761780ca1bb60	0	5	2	629.773750	4.149250	4149	TRUE	630.059750	3863	3.863250	1601	8.196348	0.000000	90.509392	8.856105	86.852768	10.641271
FAL03879_67a0761e_11.fast5	155cd82d-c948-4441-b817-ec89c4840d27	67a0761ea992f55d7000e748e88761780ca1bb60	0	406	2	626.881750	4.610750	4610	TRUE	626.934750	4557	4.557750	1623	9.637217	0.000000	87.675438	11.335814	88.826180	10.565024
FAL03879_67a0761e_11.fast5	aebce612-fd78-427e-8b4b-7fbcf33b5188	67a0761ea992f55d7000e748e88761780ca1bb60	0	122	2	633.423000	1.570000	1570	FALSE	633.510000	1483	1.483000	729	4.866243	0.000000	92.989105	9.564593	90.560631	10.435838
FAL03879_67a0761e_11.fast5	0b673da8-0ef1-42c0-bde7-e98c7fa7168c	67a0761ea992f55d7000e748e88761780ca1bb60	0	438	2	651.472250	4.069000	4069	TRUE	651.524250	4017	4.017000	1622	8.649780	0.000000	85.195732	10.095960	85.858582	10.494425
FAL03879_67a0761e_11.fast5	70a45db2-69f9-4788-bab3-cd7370ca1acb	67a0761ea992f55d7000e748e88761780ca1bb60	0	97	2	628.092750	4.079500	4079	TRUE	628.214750	3957	3.957500	1608	11.666822	0.000000	87.852562	9.741715	85.239838	10.605098
FAL03879_67a0761e_11.fast5	89a649c7-bbe5-4ea7-9707-a564ab7590e1	67a0761ea992f55d7000e748e88761780ca1bb60	0	61	1	637.126250	1.594750	1594	TRUE	637.315250	1405	1.405750	568	10.689641	0.000000	83.247391	10.450204	82.678368	10.110004
FAL03879_67a0761e_11.fast5	2974868d-73aa-4df3-b6ba-fb2701c55951	67a0761ea992f55d7000e748e88761780ca1bb60	0	123	4	610.558500	4.833250	4833	TRUE	610.608500	4783	4.783250	1599	11.363382	0.000000	86.081345	10.450204	87.208748	10.078417
FAL03879_67a0761e_11.fast5	2685de23-2e40-4b15-9dcf-5144379bfca6	67a0761ea992f55d7000e748e88761780ca1bb60	0	171	2	645.642500	4.190750	4190	TRUE	645.674500	4158	4.158750	1583	11.821645	0.000000	88.561050	8.856105	86.629784	10.482200
FAL03879_67a0761e_11.fast5	6d92ee34-1727-40e6-a3e0-43a10c20e72a	67a0761ea992f55d7000e748e88761780ca1bb60	0	510	4	623.625250	5.544000	5544	TRUE	623.710250	5459	5.459000	1629	9.609968	0.000000	82.184654	10.273082	84.213989	10.153286
FAL03879_67a0761e_11.fast5	990bfaf1-640b-4829-a163-92f606bce107	67a0761ea992f55d7000e748e88761780ca1bb60	0	309	3	658.105000	2.372500	2372	TRUE	658.171000	2306	2.306500	909	8.799202	0.000000	86.258461	10.450204	81.985924	10.323812
FAL03879_67a0761e_11.fast5	ba286cba-b916-42ce-b1b0-de013d69dc94	67a0761ea992f55d7000e748e88761780ca1bb60	0	231	1	610.293750	4.930000	4930	TRUE	610.327750	4896	4.896000	1619	11.602862	0.000000	82.538902	10.627326	84.406319	10.160958
FAL03879_67a0761e_11.fast5	5e11734e-d8b2-4f1d-a04e-9130cc013dab	67a0761ea992f55d7000e748e88761780ca1bb60	0	120	3	610.460250	4.430500	4430	TRUE	610.473250	4417	4.417500	1598	7.837834	0.000000	75.276894	10.273082	77.899246	9.594403
FAL03879_67a0761e_11.fast5	6a539f45-80b9-4409-a12e-663d66deb946	67a0761ea992f55d7000e748e88761780ca1bb60	0	107	2	632.332750	8.781500	8781	TRUE	632.406750	8707	8.707500	3516	11.407437	0.000000	83.955879	9.564593	83.895592	10.289874
FAL03879_67a0761e_11.fast5	27b5f40e-b087-4d7e-ae28-44539d90dead	67a0761ea992f55d7000e748e88761780ca1bb60	0	249	3	628.859250	1.946500	1946	TRUE	628.982250	1823	1.823500	695	7.724585	0.000000	84.664368	10.981570	82.168144	9.987482
FAL03879_67a0761e_11.fast5	4bf5fe7a-83e2-41f1-b42e-8da21efe93a4	67a0761ea992f55d7000e748e88761780ca1bb60	0	140	1	631.257500	18.259000	18259	TRUE	631.545500	17971	17.971000	3605	10.916865	0.000000	86.081345	9.564593	85.168983	10.369518
FAL03879_67a0761e_11.fast5	da985e56-af62-4d17-9a60-01d8fc081fd6	67a0761ea992f55d7000e748e88761780ca1bb60	0	84	3	636.495000	4.477750	4477	TRUE	636.690000	4282	4.282750	1611	11.710895	0.000000	84.841484	8.678983	81.783356	10.371802
FAL03879_67a0761e_11.fast5	b709abfd-fe3c-4740-8c02-1f9765e149df	67a0761ea992f55d7000e748e88761780ca1bb60	0	312	2	645.800500	6.865000	6865	TRUE	646.435500	6230	6.230000	1358	8.217369	0.000000	87.144073	11.512937	86.570160	10.866695
FAL03879_67a0761e_11.fast5	0bb5de30-cac8-4e38-951f-85df77bc6ec6	67a0761ea992f55d7000e748e88761780ca1bb60	0	18	1	657.373000	2.535250	2535	TRUE	657.720000	2188	2.188250	863	10.546891	0.000000	92.634857	9.741715	91.838226	10.715637
FAL03879_67a0761e_11.fast5	b49cc7c7-5efe-475c-b055-722da9518d4e	67a0761ea992f55d7000e748e88761780ca1bb60	0	504	1	645.550250	3.311250	3311	TRUE	645.624250	3237	3.237250	983	7.614548	0.000000	89.092415	9.387471	87.895584	10.242031
FAL03879_67a0761e_11.fast5	e32d9d61-4328-43a2-8f42-e57df198d538	67a0761ea992f55d7000e748e88761780ca1bb60	0	272	3	625.838750	4.679250	4679	TRUE	626.090750	4427	4.427250	1613	11.650960	0.000000	82.716019	8.856105	79.586037	9.735080
FAL03879_67a0761e_11.fast5	fe93778d-32b4-498f-b1b5-a6cc216a0737	67a0761ea992f55d7000e748e88761780ca1bb60	0	423	1	633.845250	1.488250	1488	TRUE	633.868250	1465	1.465250	624	8.331269	0.000000	86.789833	8.678983	85.854492	10.372451
FAL03879_67a0761e_11.fast5	5e8b20f1-f75a-4779-8bfe-bed133b3f418	67a0761ea992f55d7000e748e88761780ca1bb60	0	366	3	626.982000	5.154000	5154	FALSE	627.128000	5008	5.008000	1388	6.056808	0.000000	57.564682	8.856105	60.972481	7.869695
FAL03879_67a0761e_11.fast5	45969224-baf5-4171-b371-d57704652fcb	67a0761ea992f55d7000e748e88761780ca1bb60	0	276	2	611.669500	2.228500	2228	TRUE	612.152500	1745	1.745500	602	10.721250	0.000000	85.372856	10.273082	85.963127	10.728713
FAL03879_67a0761e_11.fast5	7c772300-1208-4d50-b996-d2fa89cc21c2	67a0761ea992f55d7000e748e88761780ca1bb60	0	422	1	610.656250	3.678750	3678	FALSE	610.714250	3620	3.620750	1278	5.069415	0.000000	56.147705	7.439128	65.652069	9.194735
FAL03879_67a0761e_11.fast5	12c39789-aa4c-4f72-9ad9-9d3ff9fee916	67a0761ea992f55d7000e748e88761780ca1bb60	0	493	4	618.577000	4.778000	4778	TRUE	618.776000	4579	4.579000	1662	10.629109	0.000000	84.132996	10.095960	84.452011	9.913019
FAL03879_67a0761e_11.fast5	e7b366c2-b52d-4bf9-b868-17687acc404f	67a0761ea992f55d7000e748e88761780ca1bb60	0	492	3	620.689000	4.384000	4384	TRUE	620.839000	4234	4.234000	1601	10.792062	0.000000	83.778755	10.273082	84.868980	10.201851
FAL03879_67a0761e_11.fast5	aef7e5a2-25df-43b9-86a9-d403c279afab	67a0761ea992f55d7000e748e88761780ca1bb60	0	379	3	643.064500	3.239250	3239	TRUE	643.130500	3173	3.173250	1234	8.417373	0.000000	85.904221	9.564593	82.601524	10.314419
FAL03879_67a0761e_11.fast5	3b3b7c71-d21e-4c9a-bbd8-bb2b9f33309a	67a0761ea992f55d7000e748e88761780ca1bb60	0	133	3	631.209000	4.019500	4019	TRUE	631.274000	3954	3.954500	1600	9.462632	0.000000	85.018608	9.033227	82.338997	9.854546
FAL03879_67a0761e_11.fast5	244e1b71-a9dc-4da8-b305-2ee0d79c34ee	67a0761ea992f55d7000e748e88761780ca1bb60	0	339	3	630.352000	0.857000	857	TRUE	630.613000	596	0.596000	280	10.199689	0.000000	87.321198	10.627326	86.048019	10.131091
FAL03879_67a0761e_11.fast5	5c0821b7-4b74-4fda-90e8-7d434cf6ab90	67a0761ea992f55d7000e748e88761780ca1bb60	0	188	2	634.949000	4.307750	4307	TRUE	635.162000	4094	4.094750	1579	9.629048	0.000000	88.206810	9.033227	86.220848	10.330027
FAL03879_67a0761e_11.fast5	11719aac-ca58-4669-ade7-df843c501e3b	67a0761ea992f55d7000e748e88761780ca1bb60	0	15	3	620.722750	2.803000	2803	TRUE	620.764750	2761	2.761000	1045	11.678245	0.000000	87.498322	8.501861	85.519775	10.059783
FAL03879_67a0761e_11.fast5	f982ae56-08fb-4e44-b82b-9a786e862a5b	67a0761ea992f55d7000e748e88761780ca1bb60	0	286	1	608.999500	4.432500	4432	TRUE	609.034500	4397	4.397500	1602	10.613458	0.000000	83.070267	10.627326	85.475380	10.336548
FAL03879_67a0761e_11.fast5	317f4c1b-00ff-4fa7-be4c-dbb59e4961b3	67a0761ea992f55d7000e748e88761780ca1bb60	0	23	3	631.789500	4.649750	4649	TRUE	631.863500	4575	4.575750	1683	7.578166	0.000000	93.166222	9.210349	89.764320	10.466591
FAL03879_67a0761e_11.fast5	5bf122ef-665b-4dfb-8634-d81c457bc750	67a0761ea992f55d7000e748e88761780ca1bb60	0	450	3	628.774000	1.776250	1776	TRUE	629.198000	1352	1.352250	596	8.226809	0.000000	91.749245	9.387471	90.746765	10.956771
FAL03879_67a0761e_11.fast5	46cc0588-9b38-4035-9743-9b716a5d32e0	67a0761ea992f55d7000e748e88761780ca1bb60	0	374	4	633.287000	5.192000	5192	TRUE	633.299000	5180	5.180000	1630	8.465307	0.000000	81.299042	9.210349	80.162216	10.327436
FAL03879_67a0761e_11.fast5	3fb572de-1729-45fb-8cdc-e807760dc220	67a0761ea992f55d7000e748e88761780ca1bb60	0	374	4	612.615500	2.494250	2494	TRUE	613.066500	2043	2.043250	903	8.529905	0.000000	86.258461	10.273082	84.765450	10.405440
FAL03879_67a0761e_11.fast5	5fa42645-d6eb-4842-953d-292e555f4319	67a0761ea992f55d7000e748e88761780ca1bb60	0	51	3	622.217750	4.500750	4500	TRUE	622.665750	4052	4.052750	1615	8.763474	0.000000	88.383926	10.627326	89.468445	10.780120
FAL03879_67a0761e_11.fast5	dfd903b0-e45d-4762-a502-0a1d07122ec4	67a0761ea992f55d7000e748e88761780ca1bb60	0	319	2	627.693250	4.913750	4913	TRUE	627.780250	4826	4.826750	1617	11.109677	0.000000	82.893143	10.095960	82.436775	10.068651
FAL03879_67a0761e_11.fast5	8679b764-2f70-4dc0-ac6f-7ff931da9eb2	67a0761ea992f55d7000e748e88761780ca1bb60	0	438	2	619.852250	2.683500	2683	TRUE	619.919250	2616	2.616500	1097	7.189896	0.000000	89.623787	10.095960	85.932228	10.232527
FAL03879_67a0761e_11.fast5	4f350193-6c59-4f6a-a79c-92fabb03ba58	67a0761ea992f55d7000e748e88761780ca1bb60	0	387	1	644.973250	4.989000	4989	TRUE	645.195250	4767	4.767000	1617	11.537300	0.000000	85.372856	10.627326	86.038582	10.782027
FAL03879_67a0761e_11.fast5	377634d8-3c3a-4bd0-9092-0e95e6021457	67a0761ea992f55d7000e748e88761780ca1bb60	0	447	1	626.021250	4.684250	4684	TRUE	626.058250	4647	4.647250	1658	11.287324	0.000000	83.955879	10.273082	84.823715	10.197287
FAL03879_67a0761e_11.fast5	22cfdf34-4df7-4a6b-a5ad-417a32003c40	67a0761ea992f55d7000e748e88761780ca1bb60	0	68	4	615.751750	3.610750	3610	FALSE	615.769750	3592	3.592750	1583	5.959171	0.000000	86.966949	9.741715	86.547287	10.001616
FAL03879_67a0761e_11.fast5	e518249e-1ad0-4f91-b3d8-fbf403801d9d	67a0761ea992f55d7000e748e88761780ca1bb60	0	32	3	636.824750	4.251500	4251	TRUE	636.982750	4093	4.093500	1615	7.799604	0.000000	84.841484	9.918838	84.215515	10.223065
FAL03879_67a0761e_11.fast5	c14733cd-7c54-4e37-9532-5da3b76bd898	67a0761ea992f55d7000e748e88761780ca1bb60	0	61	1	651.269750	5.180750	5180	TRUE	651.531750	4918	4.918750	1624	11.036560	0.000000	80.413437	10.627326	83.100967	10.062755
FAL03879_67a0761e_11.fast5	f525eb56-60f9-4be1-b7ae-a59ac1aa1650	67a0761ea992f55d7000e748e88761780ca1bb60	0	303	3	655.609750	2.630750	2630	TRUE	655.609750	2630	2.630750	1016	7.967922	0.000000	82.538902	9.387471	81.163315	9.717294
FAL03879_67a0761e_11.fast5	6ff91f46-6143-477c-b1d2-8e0c5f858c44	67a0761ea992f55d7000e748e88761780ca1bb60	0	239	1	632.935500	0.829500	829	TRUE	632.958500	806	0.806500	283	10.043264	0.000000	81.121925	10.273082	82.318855	9.837902
FAL03879_67a0761e_11.fast5	03482c3d-32dd-4f7f-955f-82afe4164dc6	67a0761ea992f55d7000e748e88761780ca1bb60	0	152	1	649.186500	3.361500	3361	TRUE	649.273500	3274	3.274500	1564	9.980689	0.000000	90.155151	9.033227	87.370659	10.512874
FAL03879_67a0761e_11.fast5	c9f7184a-cc11-451d-a430-28e95ada7a45	67a0761ea992f55d7000e748e88761780ca1bb60	0	379	3	623.504750	3.795500	3795	TRUE	623.593750	3706	3.706500	1606	11.703329	0.000000	86.435585	8.856105	84.750732	10.152315
FAL03879_67a0761e_11.fast5	fd2e2162-90a8-4e91-ba2b-f7fe92045272	67a0761ea992f55d7000e748e88761780ca1bb60	0	240	1	654.247250	1.787000	1787	TRUE	654.369250	1665	1.665000	646	7.019039	0.000000	87.321198	10.095960	85.228699	10.281021
FAL03879_67a0761e_11.fast5	981abdd6-67fe-4256-ab30-72ce0471fe60	67a0761ea992f55d7000e748e88761780ca1bb60	0	312	2	652.955000	2.491000	2491	TRUE	653.032000	2414	2.414000	926	7.775753	0.000000	86.789833	10.450204	84.076965	10.029912
FAL03879_67a0761e_11.fast5	9263f36c-7268-4507-a6db-3650d8d235f5	67a0761ea992f55d7000e748e88761780ca1bb60	0	388	2	644.674000	4.806500	4806	TRUE	644.745000	4735	4.735500	1595	11.149048	0.000000	89.623787	10.804448	89.601990	10.761289
FAL03879_67a0761e_11.fast5	9c782bfc-d5bc-4a25-978c-bdb29a845d06	67a0761ea992f55d7000e748e88761780ca1bb60	0	76	3	635.168000	4.730500	4730	TRUE	635.217000	4681	4.681500	1604	10.201139	0.000000	88.561050	9.033227	86.470932	10.652373
FAL03879_67a0761e_11.fast5	33751848-9400-4bd5-8b41-e64837a9a95a	67a0761ea992f55d7000e748e88761780ca1bb60	0	2	2	611.682250	3.446500	3446	TRUE	611.736250	3392	3.392500	1584	9.844252	0.000000	100.428230	9.387471	96.036537	11.648885
FAL03879_67a0761e_11.fast5	de1da3cd-10e2-4a3e-8807-32c1117607c6	67a0761ea992f55d7000e748e88761780ca1bb60	0	405	3	646.742500	4.804000	4804	TRUE	647.070500	4476	4.476000	1643	10.710553	0.000000	84.841484	10.627326	86.460709	10.549847
FAL03879_67a0761e_11.fast5	da75c332-3604-4611-9d6a-bfa4383ec91f	67a0761ea992f55d7000e748e88761780ca1bb60	0	254	1	614.140750	2.108250	2108	TRUE	614.287750	1961	1.961250	747	10.825240	0.000000	84.487244	9.918838	84.832489	10.174201
FAL03879_67a0761e_11.fast5	653d58c5-bee1-4498-963d-1b783d43994e	67a0761ea992f55d7000e748e88761780ca1bb60	0	148	1	620.405000	4.416750	4416	TRUE	620.443000	4378	4.378750	1583	11.349422	0.000000	86.081345	10.981570	86.954704	10.202447
FAL03879_67a0761e_11.fast5	a11e1ee6-a58d-4072-a953-e72be0530b68	67a0761ea992f55d7000e748e88761780ca1bb60	0	451	2	643.259000	3.592000	3592	TRUE	643.296000	3555	3.555000	1579	10.140803	0.000000	85.018608	8.678983	83.897354	10.002986
FAL03879_67a0761e_11.fast5	915066fc-cc83-4d39-8dc4-b8631e2d8b19	67a0761ea992f55d7000e748e88761780ca1bb60	0	100	4	638.406750	4.499000	4499	TRUE	638.604750	4301	4.301000	1620	8.509704	0.000000	81.653290	10.450204	82.038948	10.219256
FAL03879_67a0761e_11.fast5	b7f55b90-0b9f-4823-ac5f-177104245748	67a0761ea992f55d7000e748e88761780ca1bb60	0	137	3	624.598250	4.179250	4179	FALSE	624.653250	4124	4.124250	992	6.631966	0.000000	120.088783	11.158692	119.514160	12.938519
FAL03879_67a0761e_11.fast5	95844115-f9e3-4312-8f65-8bae8cf8af2b	67a0761ea992f55d7000e748e88761780ca1bb60	0	304	3	644.948000	3.619250	3619	TRUE	644.961000	3606	3.606250	1638	10.392582	0.000000	84.664368	8.856105	82.328903	10.256639
FAL03879_67a0761e_11.fast5	8384ae4c-e896-4708-aa23-ed6b62d5fdc2	67a0761ea992f55d7000e748e88761780ca1bb60	0	197	3	653.530250	4.517250	4517	TRUE	653.570250	4477	4.477250	1621	11.369269	0.000000	86.966949	9.387471	86.597198	10.571119
FAL03879_67a0761e_11.fast5	82a3da42-1f2f-49f3-85ce-df40b7b6c6b2	67a0761ea992f55d7000e748e88761780ca1bb60	0	143	4	626.665500	8.556500	8556	TRUE	626.838500	8383	8.383500	1701	11.978974	0.000000	81.653290	10.627326	85.706253	10.481199
FAL03879_67a0761e_11.fast5	637de82d-26a3-4779-9c47-75e3421809f3	67a0761ea992f55d7000e748e88761780ca1bb60	0	367	3	623.155750	2.666750	2666	TRUE	623.407750	2414	2.414750	991	7.384312	0.000000	83.601631	10.627326	81.642929	10.081133
FAL03879_67a0761e_11.fast5	174fc5e9-752d-4eca-9521-4769f2277b05	67a0761ea992f55d7000e748e88761780ca1bb60	0	342	1	645.967000	2.857250	2857	TRUE	645.984000	2840	2.840250	1256	7.597850	0.000000	89.269539	10.627326	85.530907	10.380760
FAL03879_67a0761e_11.fast5	9da521e2-8087-4709-ba31-a51773df3954	67a0761ea992f55d7000e748e88761780ca1bb60	0	455	3	620.859500	4.693750	4693	TRUE	621.508500	4044	4.044750	1618	9.972089	0.000000	81.653290	8.501861	80.100243	9.698792
FAL03879_67a0761e_11.fast5	9f21ebba-2fdf-4d34-a07a-21e1fdb22903	67a0761ea992f55d7000e748e88761780ca1bb60	0	222	3	611.279000	0.642000	642	TRUE	611.304000	617	0.617000	245	12.075012	0.000000	89.269539	8.501861	87.208328	10.200439
FAL03879_67a0761e_11.fast5	e0ceac22-ae54-4d5f-83f1-c06a68c15adb	67a0761ea992f55d7000e748e88761780ca1bb60	0	344	2	626.138750	5.065500	5065	TRUE	626.274750	4929	4.929500	1654	11.658200	0.000000	88.738174	9.210349	87.680168	10.326761
FAL03879_67a0761e_11.fast5	26b0f43a-f94f-421c-8080-1ace29cede27	67a0761ea992f55d7000e748e88761780ca1bb60	0	427	3	608.677000	3.342000	3342	TRUE	608.872000	3147	3.147000	1137	11.037277	0.000000	85.549973	9.387471	83.369186	10.083729
FAL03879_67a0761e_11.fast5	9f02b1cc-96a4-41a1-8a7c-ad9dd53ec988	67a0761ea992f55d7000e748e88761780ca1bb60	0	452	2	653.337250	4.259750	4259	TRUE	653.438250	4158	4.158750	1554	11.275496	0.000000	86.258461	9.387471	82.926636	10.490610
FAL03879_67a0761e_11.fast5	85ad1bd1-5df0-4aa6-8cf4-aa3052c1e60b	67a0761ea992f55d7000e748e88761780ca1bb60	0	229	2	638.842750	4.389000	4389	TRUE	638.882750	4349	4.349000	1575	10.005844	0.000000	86.435585	8.501861	83.087730	9.964382
FAL03879_67a0761e_11.fast5	a81c439b-02b3-45bc-be2d-27885474d00c	67a0761ea992f55d7000e748e88761780ca1bb60	0	347	3	631.109500	3.938750	3938	TRUE	631.163500	3884	3.884750	1649	10.771654	0.000000	91.040756	9.210349	88.575920	10.443583
FAL03879_67a0761e_11.fast5	3d62eccf-7d21-4d6b-975c-fd0504880e62	67a0761ea992f55d7000e748e88761780ca1bb60	0	483	3	644.079000	4.780500	4780	TRUE	644.131000	4728	4.728500	1631	11.937180	0.000000	82.361778	10.981570	84.028915	10.412764
FAL03879_67a0761e_11.fast5	20e0badb-12f0-43e5-9b1f-90522def5ea0	67a0761ea992f55d7000e748e88761780ca1bb60	0	20	3	636.533000	3.828000	3828	TRUE	636.739000	3622	3.622000	1365	10.473416	0.000000	88.383926	9.210349	85.199768	10.567939
FAL03879_67a0761e_11.fast5	03bbfb72-7222-4c34-8cdd-f2fc7e974d96	67a0761ea992f55d7000e748e88761780ca1bb60	0	358	1	627.177750	4.901750	4901	TRUE	627.378750	4700	4.700750	1603	11.351732	0.000000	84.310120	10.627326	86.898994	10.360834
FAL03879_67a0761e_11.fast5	eeb74f06-0a53-47bb-b7ad-5914947ba322	67a0761ea992f55d7000e748e88761780ca1bb60	0	256	3	642.887500	4.398500	4398	TRUE	643.236500	4049	4.049500	1575	11.163646	0.000000	83.778755	8.501861	82.627686	10.165448
FAL03879_67a0761e_11.fast5	9197bd6a-cbda-4290-9333-c9b58823ce9f	67a0761ea992f55d7000e748e88761780ca1bb60	0	500	1	616.842250	4.695250	4695	TRUE	616.896250	4641	4.641250	1661	10.558334	0.000000	83.070267	10.273082	83.209457	10.019909
FAL03879_67a0761e_11.fast5	08f19e9d-39eb-4131-8bbb-b3dcc8b26991	67a0761ea992f55d7000e748e88761780ca1bb60	0	86	4	625.456750	4.099250	4099	FALSE	625.486750	4069	4.069250	1407	5.689239	0.000000	58.981659	8.324739	58.043320	7.736253
FAL03879_67a0761e_11.fast5	23eae0eb-0de4-4b19-9422-3c5c214922f6	67a0761ea992f55d7000e748e88761780ca1bb60	0	480	2	624.559250	4.550750	4550	TRUE	624.869250	4240	4.240750	1579	10.762287	0.000000	89.978027	8.856105	86.061317	10.387660
FAL03879_67a0761e_11.fast5	2b0ba54e-93df-471b-b83c-63d447a5d10b	67a0761ea992f55d7000e748e88761780ca1bb60	0	224	4	642.390500	4.614750	4614	TRUE	642.488500	4516	4.516750	1588	10.919137	0.000000	89.269539	8.678983	85.507950	10.212319
FAL03879_67a0761e_11.fast5	71b5cdbc-31a2-42f6-89d8-fe8c018e831a	67a0761ea992f55d7000e748e88761780ca1bb60	0	149	3	622.775500	1.920500	1920	TRUE	622.945500	1750	1.750500	748	9.303887	0.000000	86.435585	9.033227	82.629929	10.411424
FAL03879_67a0761e_11.fast5	24e52d13-a9ce-4e39-afaa-9360c8db49f2	67a0761ea992f55d7000e748e88761780ca1bb60	0	77	2	631.691500	4.498000	4498	TRUE	631.808500	4381	4.381000	1590	10.678122	0.000000	79.173576	10.804448	82.015717	9.946782
FAL03879_67a0761e_11.fast5	e64b54c7-4495-4457-a4a3-e67b066966ed	67a0761ea992f55d7000e748e88761780ca1bb60	0	230	1	623.004250	2.965000	2965	TRUE	623.093250	2876	2.876000	1329	7.223626	0.000000	88.383926	9.387471	85.911987	9.937393
FAL03879_67a0761e_11.fast5	523e43ea-1340-45f6-b773-ba8d142f3d05	67a0761ea992f55d7000e748e88761780ca1bb60	0	77	2	643.326750	4.385000	4385	TRUE	643.410750	4301	4.301000	1585	11.278617	0.000000	79.704948	10.273082	80.367050	9.924986
FAL03879_67a0761e_11.fast5	df50fe3f-ba9e-41eb-8953-2fc5f93de450	67a0761ea992f55d7000e748e88761780ca1bb60	0	473	4	626.921750	2.993750	2993	FALSE	626.981750	2933	2.933750	1084	5.238595	0.000000	68.900497	8.501861	70.987350	8.880708
FAL03879_67a0761e_11.fast5	52fce994-a918-4b1e-8a01-e23bbb30ca7e	67a0761ea992f55d7000e748e88761780ca1bb60	0	10	4	658.353000	2.276500	2276	FALSE	658.378000	2251	2.251500	1021	6.939234	0.000000	94.228958	9.564593	90.416168	10.460477
FAL03879_67a0761e_11.fast5	e131df70-a342-4a56-8949-d03202d63d91	67a0761ea992f55d7000e748e88761780ca1bb60	0	75	4	621.284750	3.303500	3303	TRUE	621.379750	3208	3.208500	1313	7.383591	0.000000	90.686516	10.450204	87.533127	10.796869
FAL03879_67a0761e_11.fast5	064449b9-0dee-4834-b7a4-2791ff44ae0c	67a0761ea992f55d7000e748e88761780ca1bb60	0	464	3	613.833750	3.034500	3034	FALSE	614.018750	2849	2.849500	765	6.401369	0.000000	85.904221	9.210349	85.341103	10.339168
FAL03879_67a0761e_11.fast5	4a4bbbcd-97ed-4ecf-8ff2-9abeabebbce4	67a0761ea992f55d7000e748e88761780ca1bb60	0	15	3	614.833750	5.789250	5789	TRUE	614.915750	5707	5.707250	1620	11.836994	0.000000	87.498322	8.501861	88.162209	10.114508
FAL03879_67a0761e_11.fast5	62206951-90a8-4146-be81-873f7bf528c6	67a0761ea992f55d7000e748e88761780ca1bb60	0	160	3	651.444250	4.625000	4625	TRUE	651.476250	4593	4.593000	1568	11.515990	0.000000	77.579483	10.273082	78.972794	10.013779
FAL03879_67a0761e_11.fast5	cd617126-a7bc-4caa-bcf3-fe86402facec	67a0761ea992f55d7000e748e88761780ca1bb60	0	113	1	606.124500	6.771750	6771	TRUE	606.167500	6728	6.728750	1647	11.717072	0.000000	89.269539	9.387471	87.582520	10.685650
FAL03879_67a0761e_11.fast5	f40e563b-45e7-4e6c-a91e-12237acd971d	67a0761ea992f55d7000e748e88761780ca1bb60	0	394	2	658.021500	2.699000	2699	TRUE	658.207500	2513	2.513000	1062	7.596462	0.000000	97.062912	11.158692	93.893929	11.066113
FAL03879_67a0761e_11.fast5	e8d02551-c143-441f-a624-21c81190432a	67a0761ea992f55d7000e748e88761780ca1bb60	0	268	2	616.720750	3.706500	3706	TRUE	616.976750	3450	3.450500	1604	10.047279	0.000000	86.966949	8.324739	83.478027	10.017510
FAL03879_67a0761e_11.fast5	9ac4dea7-445b-4917-a1a6-291bd891cbcd	67a0761ea992f55d7000e748e88761780ca1bb60	0	53	4	657.444250	2.629250	2629	FALSE	657.591250	2482	2.482250	1046	6.255473	0.000000	84.664368	8.856105	82.792465	9.983748
FAL03879_67a0761e_11.fast5	4e151736-e882-4081-a870-a6ede5c053e9	67a0761ea992f55d7000e748e88761780ca1bb60	0	495	3	650.481000	4.058750	4058	TRUE	650.789000	3750	3.750750	1619	10.304783	0.000000	85.195732	8.678983	82.808136	10.181529
FAL03879_67a0761e_11.fast5	f5bf67db-30d8-4d72-8f22-20b2d9c45350	67a0761ea992f55d7000e748e88761780ca1bb60	0	465	2	641.496250	1.494500	1494	TRUE	641.707250	1283	1.283500	428	9.839875	0.000000	89.446663	10.627326	92.389900	11.330550
FAL03879_67a0761e_11.fast5	1d5cb46e-306d-420d-8c12-b82b9bf3f1cf	67a0761ea992f55d7000e748e88761780ca1bb60	0	90	1	653.312500	4.642250	4642	TRUE	653.372500	4582	4.582250	1613	10.461805	0.000000	90.332275	11.158692	92.956192	11.279189
FAL03879_67a0761e_11.fast5	0fa1832f-4e78-4ed2-bc9c-1ae8d5a66753	67a0761ea992f55d7000e748e88761780ca1bb60	0	480	2	657.026000	3.309750	3309	TRUE	657.149000	3186	3.186750	683	9.929748	0.000000	88.383926	9.387471	87.666962	10.578915
FAL03879_67a0761e_11.fast5	5aa538ec-8f55-4aeb-bc8b-18ba858303dc	67a0761ea992f55d7000e748e88761780ca1bb60	0	128	1	630.415750	4.824000	4824	TRUE	630.685750	4554	4.554000	1588	12.183924	0.000000	85.549973	10.627326	87.312523	10.169402
FAL03879_67a0761e_11.fast5	278c2f9d-f37a-4354-b6b5-826d2a57b00d	67a0761ea992f55d7000e748e88761780ca1bb60	0	78	2	640.775750	4.153000	4153	TRUE	640.775750	4153	4.153000	1672	11.398561	0.000000	82.893143	9.033227	81.292915	9.877942
FAL03879_67a0761e_11.fast5	4fd46a1a-c30d-436b-af88-ad8bca866ffc	67a0761ea992f55d7000e748e88761780ca1bb60	0	280	1	646.072750	1.887750	1887	TRUE	646.292750	1667	1.667750	682	12.187187	0.000000	90.863640	8.856105	87.896423	10.337506
FAL03879_67a0761e_11.fast5	9d5dc86b-6b31-45e2-9329-a0f3b9e2e348	67a0761ea992f55d7000e748e88761780ca1bb60	0	95	3	619.404250	3.744000	3744	TRUE	619.823250	3325	3.325000	1614	8.420606	0.000000	86.789833	8.678983	84.073639	10.619573
FAL03879_67a0761e_11.fast5	ba27ecc3-9752-4b0f-9745-47b46c7111bb	67a0761ea992f55d7000e748e88761780ca1bb60	0	432	2	644.838250	4.408250	4408	TRUE	644.838250	4408	4.408250	664	8.297013	0.000000	85.018608	5.313663	84.710297	11.047503
FAL03879_67a0761e_11.fast5	5e7b2992-53fe-4337-8565-2fc021c44627	67a0761ea992f55d7000e748e88761780ca1bb60	0	190	1	631.790500	3.910750	3910	TRUE	631.958500	3742	3.742750	1666	8.809093	0.000000	89.800903	8.678983	85.845200	10.203984
FAL03879_67a0761e_11.fast5	5e5035dd-77ed-4d02-abeb-fcfd27644f17	67a0761ea992f55d7000e748e88761780ca1bb60	0	255	2	646.268750	1.627750	1627	TRUE	646.528750	1367	1.367750	575	10.464833	0.000000	80.059189	9.387471	80.188362	10.113034
FAL03879_67a0761e_11.fast5	c7007041-a9a7-4050-befc-a703fc007504	67a0761ea992f55d7000e748e88761780ca1bb60	0	23	3	655.786500	4.748000	4748	TRUE	655.942500	4592	4.592000	1639	10.786547	0.000000	88.915298	10.450204	88.217049	10.617150
FAL03879_67a0761e_11.fast5	3e9c0b39-f51e-486c-ace3-9f30e22db78f	67a0761ea992f55d7000e748e88761780ca1bb60	0	44	2	629.746500	1.608000	1608	TRUE	630.054500	1300	1.300000	459	10.327303	0.000000	87.675438	10.627326	89.231606	10.964449
FAL03879_67a0761e_11.fast5	4a124db2-3df0-4dea-8e5f-a22c9a4d27da	67a0761ea992f55d7000e748e88761780ca1bb60	0	439	2	648.155000	4.163500	4163	TRUE	648.189000	4129	4.129500	1560	12.173758	0.000000	84.310120	8.678983	83.104774	9.950243
FAL03879_67a0761e_11.fast5	491f4650-a5b9-498e-9d0b-134d4645c2d3	67a0761ea992f55d7000e748e88761780ca1bb60	0	494	2	646.011500	7.912500	7912	TRUE	646.252500	7671	7.671500	1671	10.001500	0.000000	88.206810	8.856105	87.448769	10.657317
FAL03879_67a0761e_11.fast5	80af76f9-2af5-4ab2-8e17-5050c6c4e717	67a0761ea992f55d7000e748e88761780ca1bb60	0	305	2	652.347500	4.700250	4700	TRUE	652.621500	4426	4.426250	1593	10.017163	0.000000	90.863640	9.387471	86.829453	10.919648
FAL03879_67a0761e_11.fast5	019c6ea8-db5c-4296-b548-8f64f4e1f15e	67a0761ea992f55d7000e748e88761780ca1bb60	0	400	3	649.654250	0.923750	923	TRUE	649.730250	847	0.847750	382	7.639999	0.000000	79.882065	10.273082	78.799835	10.322869
FAL03879_67a0761e_11.fast5	be0ad7de-8ca7-4c0c-b58b-685c34dc6df6	67a0761ea992f55d7000e748e88761780ca1bb60	0	484	3	622.017500	8.405750	8405	TRUE	622.768500	7654	7.654750	1632	10.329957	0.000000	81.830414	10.981570	83.747147	10.283005
FAL03879_67a0761e_11.fast5	16491d20-221a-4687-b443-bb2c9d0f5a3b	67a0761ea992f55d7000e748e88761780ca1bb60	0	104	3	615.217750	4.103000	4103	TRUE	615.320750	4000	4.000000	1579	11.483441	0.000000	77.402359	10.627326	80.371841	10.331780
FAL03879_67a0761e_11.fast5	eeeaa9c8-ba7d-40ae-926c-9a02310e2106	67a0761ea992f55d7000e748e88761780ca1bb60	0	509	1	640.151750	4.657250	4657	TRUE	640.799750	4009	4.009250	898	11.256514	0.000000	89.092415	9.387471	86.885071	11.301925
FAL03879_67a0761e_11.fast5	78b4160e-b142-4e53-a662-cfd5aaddda56	67a0761ea992f55d7000e748e88761780ca1bb60	0	507	2	616.821250	4.011500	4011	TRUE	616.874250	3958	3.958500	1615	11.324622	0.000000	85.904221	9.033227	83.965866	10.052130
FAL03879_67a0761e_11.fast5	37ad5f8e-7c86-4d8c-b698-09d80fa6c0f7	67a0761ea992f55d7000e748e88761780ca1bb60	0	212	3	624.834000	2.034000	2034	TRUE	624.925000	1943	1.943000	774	11.775928	0.000000	89.446663	9.210349	87.902290	10.302834
FAL03879_67a0761e_11.fast5	98111718-663c-4210-847c-d4877ac30882	67a0761ea992f55d7000e748e88761780ca1bb60	0	323	4	635.286750	4.838250	4838	TRUE	635.316750	4808	4.808250	1636	9.403361	0.000000	85.018608	10.627326	84.480927	10.331450
FAL03879_67a0761e_11.fast5	a8d24de3-6800-44a1-bc5f-c58e40b9b38c	67a0761ea992f55d7000e748e88761780ca1bb60	0	165	4	609.832250	3.973250	3973	TRUE	609.908250	3897	3.897250	1378	8.781569	0.000000	83.247391	9.033227	81.395630	9.951659
FAL03879_67a0761e_11.fast5	7e3365d9-ad6c-4c72-abdf-2de3aea164e1	67a0761ea992f55d7000e748e88761780ca1bb60	0	21	3	616.422250	4.509000	4509	TRUE	616.793250	4138	4.138000	1613	10.532496	0.000000	91.040756	9.387471	89.054817	10.629895
FAL03879_67a0761e_11.fast5	b28def3d-7411-4575-baa4-55facbbd838c	67a0761ea992f55d7000e748e88761780ca1bb60	0	151	4	640.931500	2.640250	2640	TRUE	641.106500	2465	2.465250	893	10.964274	0.000000	75.985382	10.273082	78.782104	9.797553
FAL03879_67a0761e_11.fast5	a223e428-25bb-494d-8dd3-21cf6a4330e8	67a0761ea992f55d7000e748e88761780ca1bb60	0	373	3	631.796500	4.384750	4384	TRUE	631.862500	4318	4.318750	1559	8.963055	0.000000	80.767677	9.918838	82.671707	10.202894
FAL03879_67a0761e_11.fast5	b0a2833a-60a3-440f-9843-d50d7d2fe850	67a0761ea992f55d7000e748e88761780ca1bb60	0	238	1	639.360250	3.131250	3131	TRUE	639.405250	3086	3.086250	1574	10.169854	0.000000	87.498322	8.856105	84.103790	10.194855
FAL03879_67a0761e_11.fast5	37c8d07b-13f7-4531-a872-891f865755bc	67a0761ea992f55d7000e748e88761780ca1bb60	0	390	4	647.092500	4.983750	4983	TRUE	647.170500	4905	4.905750	1665	11.219148	0.000000	81.299042	9.918838	81.197845	9.641223
FAL03879_67a0761e_11.fast5	651853ba-1de7-4645-a3ab-164e07e261dc	67a0761ea992f55d7000e748e88761780ca1bb60	0	420	1	624.339750	2.241250	2241	TRUE	624.458750	2122	2.122250	786	7.840882	0.000000	87.321198	10.095960	84.958794	10.137835
FAL03879_67a0761e_11.fast5	0515ccbf-a9b7-48d9-b68e-9a357651b64f	67a0761ea992f55d7000e748e88761780ca1bb60	0	480	2	652.298750	4.581750	4581	TRUE	652.653750	4226	4.226750	1623	12.273458	0.000000	89.092415	8.678983	87.861725	10.600563
FAL03879_67a0761e_11.fast5	8e49daf6-4999-45c6-b166-298085347a4e	67a0761ea992f55d7000e748e88761780ca1bb60	0	364	4	656.093250	4.237250	4237	TRUE	656.133250	4197	4.197250	1592	11.037052	0.000000	88.029686	9.210349	85.630524	10.106146
FAL03879_67a0761e_11.fast5	9ccf6bee-37fe-4260-b439-bdaad6a2eafc	67a0761ea992f55d7000e748e88761780ca1bb60	0	308	2	649.545000	4.742750	4742	TRUE	649.634000	4653	4.653750	1624	11.553001	0.000000	86.612709	10.627326	88.235138	10.376106
FAL03879_67a0761e_11.fast5	9fa11561-e2e2-4244-b3e0-cc1419a4115f	67a0761ea992f55d7000e748e88761780ca1bb60	0	150	3	642.142250	4.600000	4600	TRUE	642.208250	4534	4.534000	1640	11.367153	0.000000	88.206810	9.387471	86.180321	10.107615
FAL03879_67a0761e_11.fast5	9895598f-a8e2-4e8f-8a06-397d91b1a6d2	67a0761ea992f55d7000e748e88761780ca1bb60	0	222	3	646.329750	1.870250	1870	TRUE	646.384750	1815	1.815250	702	11.880603	0.000000	88.206810	9.387471	85.609779	10.506670
FAL03879_67a0761e_11.fast5	a09c2014-ab4e-403e-bc5c-be1152513c03	67a0761ea992f55d7000e748e88761780ca1bb60	0	141	1	638.147750	4.284250	4284	TRUE	638.175750	4256	4.256250	1626	9.723347	0.000000	86.435585	10.804448	86.965820	10.169605
FAL03879_67a0761e_11.fast5	92c22cc3-ef90-47d0-b355-25e872800ea6	67a0761ea992f55d7000e748e88761780ca1bb60	0	319	2	632.725500	8.884250	8884	TRUE	632.873500	8736	8.736250	1674	11.309422	0.000000	82.538902	10.450204	83.124428	10.282176
FAL03879_67a0761e_11.fast5	05250505-3f2c-4f1b-818d-f9ebf7633986	67a0761ea992f55d7000e748e88761780ca1bb60	0	130	1	655.369500	4.559000	4559	TRUE	655.393500	4535	4.535000	1626	11.489320	0.000000	90.509392	10.804448	91.499420	10.961194
FAL03879_67a0761e_11.fast5	034162b2-a757-4fc3-a1b4-8bf8769e179a	67a0761ea992f55d7000e748e88761780ca1bb60	0	342	1	653.962500	3.975250	3975	TRUE	654.004500	3933	3.933250	971	8.512828	0.000000	88.915298	9.918838	88.135818	10.952539
FAL03879_67a0761e_11.fast5	c656ac5b-a313-450d-b96b-e78ff734c167	67a0761ea992f55d7000e748e88761780ca1bb60	0	7	3	628.852000	5.010250	5010	TRUE	629.038000	4824	4.824250	1623	11.151393	0.000000	85.195732	10.450204	87.000656	10.269526
FAL03879_67a0761e_11.fast5	5a65464a-7c8b-415a-92f8-365c885cba94	67a0761ea992f55d7000e748e88761780ca1bb60	0	100	4	632.795250	3.556000	3556	TRUE	633.082250	3269	3.269000	1210	8.222216	0.000000	84.664368	9.918838	81.528633	9.976382
FAL03879_67a0761e_11.fast5	7aabf03a-bea7-4aba-ad5a-8efbce6d409b	67a0761ea992f55d7000e748e88761780ca1bb60	0	89	1	634.984500	1.464500	1464	TRUE	635.190500	1258	1.258500	532	7.441187	0.000000	102.376572	10.095960	98.211838	11.054565
FAL03879_67a0761e_11.fast5	b89fddfe-9ede-4f48-aa40-78d68b72bf95	67a0761ea992f55d7000e748e88761780ca1bb60	0	405	3	643.897000	2.703500	2703	TRUE	643.930000	2670	2.670500	1030	8.107970	0.000000	88.383926	10.095960	87.247765	10.187362
FAL03879_67a0761e_11.fast5	d6659648-052f-492c-b870-43ea52f17816	67a0761ea992f55d7000e748e88761780ca1bb60	0	93	3	618.403500	8.173750	8173	TRUE	618.612500	7964	7.964750	1681	8.619618	0.000000	84.487244	10.273082	86.945915	10.358270
FAL03879_67a0761e_11.fast5	612a87b9-ce31-4af4-9444-4b4fc3c66a0e	67a0761ea992f55d7000e748e88761780ca1bb60	0	112	4	608.953750	4.262000	4262	TRUE	609.054750	4161	4.161000	1639	11.645351	0.000000	84.132996	8.856105	82.574318	9.965902
FAL03879_67a0761e_11.fast5	86d9dbb9-3b25-46f2-973b-e7ffd928ef6e	67a0761ea992f55d7000e748e88761780ca1bb60	0	115	2	649.473000	4.884000	4884	FALSE	649.621000	4736	4.736000	1533	6.181065	0.000000	88.206810	8.856105	87.761108	10.400329
FAL03879_67a0761e_11.fast5	cab406e0-6f5e-493e-8858-bf309e79b52e	67a0761ea992f55d7000e748e88761780ca1bb60	0	105	2	609.928250	4.250500	4250	TRUE	610.082250	4096	4.096500	1624	11.250731	0.000000	89.623787	9.387471	86.927345	10.741582
FAL03879_67a0761e_11.fast5	a26bb168-f62f-4a02-bf2e-632e8b2b2d23	67a0761ea992f55d7000e748e88761780ca1bb60	0	72	3	626.223750	0.704000	704	TRUE	626.268750	659	0.659000	297	8.349546	0.000000	79.882065	11.335814	80.325066	10.385952
FAL03879_67a0761e_11.fast5	8627a172-6c9c-454a-be0e-30825dabf27e	67a0761ea992f55d7000e748e88761780ca1bb60	0	458	2	652.602500	4.989500	4989	TRUE	652.802500	4789	4.789500	1571	10.343008	0.000000	90.509392	11.867181	90.618210	10.696080
FAL03879_67a0761e_11.fast5	166b1c5c-1f00-49de-a0d3-344b76b85119	67a0761ea992f55d7000e748e88761780ca1bb60	0	391	3	649.608250	3.251500	3251	TRUE	649.761250	3098	3.098500	653	7.366318	0.000000	86.789833	8.856105	85.238174	10.093499
FAL03879_67a0761e_11.fast5	92501d9d-e5ec-4484-b59b-635d7221984f	67a0761ea992f55d7000e748e88761780ca1bb60	0	134	1	657.761250	2.855000	2855	TRUE	657.819250	2797	2.797000	1072	8.495697	0.000000	86.081345	9.741715	82.394295	10.079315
FAL03879_67a0761e_11.fast5	4fa1b397-70db-4f8e-b7ec-7bc1fb0b15e9	67a0761ea992f55d7000e748e88761780ca1bb60	0	213	4	617.044000	3.979000	3979	TRUE	617.326000	3697	3.697000	1619	9.383248	0.000000	87.498322	10.627326	88.354874	10.741612
FAL03879_67a0761e_11.fast5	d371eab0-71c5-4516-bb23-6df9a8175c9b	67a0761ea992f55d7000e748e88761780ca1bb60	0	400	3	621.206250	4.171250	4171	TRUE	621.263250	4114	4.114250	1509	9.058199	0.000000	78.642212	10.095960	79.760719	9.538660
FAL03879_67a0761e_11.fast5	32f11c73-c328-4619-aa51-094a04f7f163	67a0761ea992f55d7000e748e88761780ca1bb60	0	45	3	649.313750	3.031250	3031	TRUE	649.479750	2865	2.865250	963	8.453371	0.000000	85.549973	10.450204	84.739784	10.407671
FAL03879_67a0761e_11.fast5	23cdcfe4-c6d8-4708-9d27-76213070456a	67a0761ea992f55d7000e748e88761780ca1bb60	0	493	4	655.608500	4.640000	4640	TRUE	655.632500	4616	4.616000	1596	11.556911	0.000000	82.538902	10.273082	82.155098	9.859500
FAL03879_67a0761e_11.fast5	d0b4de9d-0d47-4972-9e24-6bf2b9e5c95a	67a0761ea992f55d7000e748e88761780ca1bb60	0	132	3	633.907750	2.405000	2405	TRUE	634.023750	2289	2.289000	603	10.236458	0.000000	86.081345	9.918838	84.154419	10.589016
FAL03879_67a0761e_11.fast5	a5d58ed4-2a7b-4b02-8866-3ee978e359aa	67a0761ea992f55d7000e748e88761780ca1bb60	0	271	4	627.872500	4.689250	4689	TRUE	628.017500	4544	4.544250	1642	9.572673	0.000000	81.653290	9.918838	80.195328	9.760338
FAL03879_67a0761e_11.fast5	4d80f2fc-2d93-4f9a-9f38-acb444528a62	67a0761ea992f55d7000e748e88761780ca1bb60	0	488	4	645.217250	4.435750	4435	TRUE	645.326250	4326	4.326750	1613	11.212503	0.000000	83.070267	8.501861	81.760818	10.058543
FAL03879_67a0761e_11.fast5	448bcb29-d52a-4168-b1cd-8726cf139b91	67a0761ea992f55d7000e748e88761780ca1bb60	0	188	2	650.895500	4.557750	4557	TRUE	650.955500	4497	4.497750	1629	10.777023	0.000000	82.184654	10.804448	83.891830	10.641851
FAL03879_67a0761e_11.fast5	5596f31b-f048-4d8e-bb21-9df93983fd34	67a0761ea992f55d7000e748e88761780ca1bb60	0	100	4	644.640000	4.111000	4111	TRUE	644.751000	4000	4.000000	1563	8.445713	0.000000	85.549973	8.678983	84.707428	10.148136
FAL03879_67a0761e_11.fast5	f5e16c93-6d54-422d-9cdf-25a44be71b9a	67a0761ea992f55d7000e748e88761780ca1bb60	0	347	3	651.188750	3.650250	3650	TRUE	651.213750	3625	3.625250	1576	10.338601	0.000000	85.904221	10.450204	87.254250	10.535871
FAL03879_67a0761e_11.fast5	e1ac1e64-bd67-43cb-aa8d-06d93753a084	67a0761ea992f55d7000e748e88761780ca1bb60	0	67	1	623.817500	3.401500	3401	FALSE	623.890500	3328	3.328500	1562	6.648192	0.000000	94.583199	8.856105	91.810905	11.737379
FAL03879_67a0761e_11.fast5	13421132-b8e0-4e19-a56d-a17fd9d1a56e	67a0761ea992f55d7000e748e88761780ca1bb60	0	52	4	620.574500	3.963250	3963	TRUE	620.962500	3575	3.575250	1061	8.219529	0.000000	90.155151	10.804448	88.047180	10.585949
FAL03879_67a0761e_11.fast5	b5dc0509-14f5-4a9c-9ea2-5be2e69bf4d7	67a0761ea992f55d7000e748e88761780ca1bb60	0	470	4	626.166750	4.722500	4722	TRUE	626.219750	4669	4.669500	1588	8.820157	0.000000	82.184654	10.273082	82.294052	9.769305
FAL03879_67a0761e_11.fast5	c16a57ae-c21f-4378-93ed-f349d8539c49	67a0761ea992f55d7000e748e88761780ca1bb60	0	254	1	653.683000	4.191750	4191	TRUE	653.860000	4014	4.014750	1562	12.011470	0.000000	86.966949	9.210349	85.547836	10.272115
FAL03879_67a0761e_11.fast5	0d217386-0b48-4ccc-937d-eae5bef85cb1	67a0761ea992f55d7000e748e88761780ca1bb60	0	407	3	649.211500	3.922250	3922	TRUE	649.293500	3840	3.840250	1597	11.711529	0.000000	87.675438	8.678983	85.365608	10.264614
FAL03879_67a0761e_11.fast5	5738db04-6b58-4eee-914b-3f907f0360c3	67a0761ea992f55d7000e748e88761780ca1bb60	0	259	3	654.590000	4.337750	4337	TRUE	654.878000	4049	4.049750	1641	12.167915	0.000000	87.852562	9.033227	85.085442	10.622143
FAL03879_67a0761e_11.fast5	9a9d8548-8eda-475d-b337-4db7680783e9	67a0761ea992f55d7000e748e88761780ca1bb60	0	405	3	623.383500	4.360750	4360	TRUE	623.550500	4193	4.193750	1585	10.092721	0.000000	88.738174	8.324739	86.498154	10.321285
FAL03879_67a0761e_11.fast5	468da331-afff-4da5-9ba2-d44197ca9a31	67a0761ea992f55d7000e748e88761780ca1bb60	0	253	3	602.506000	10.400750	10400	TRUE	602.713000	10193	10.193750	1700	9.706188	0.000000	81.830414	9.918838	83.784935	10.134067
FAL03879_67a0761e_11.fast5	04957299-7e5e-4919-aead-dbeac03b9673	67a0761ea992f55d7000e748e88761780ca1bb60	0	82	1	624.465750	2.223750	2223	TRUE	624.533750	2155	2.155750	889	7.713573	0.000000	92.457733	9.918838	90.335587	10.956672
FAL03879_67a0761e_11.fast5	a79a5b03-28b3-4337-bd99-50fabcbf84a2	67a0761ea992f55d7000e748e88761780ca1bb60	0	268	2	628.844750	4.299000	4299	TRUE	629.041750	4102	4.102000	1581	11.558762	0.000000	87.321198	9.210349	84.721405	10.385221
FAL03879_67a0761e_11.fast5	9786845d-b100-44a1-9d12-43224d0b600a	67a0761ea992f55d7000e748e88761780ca1bb60	0	163	1	641.016500	4.191000	4191	TRUE	641.163500	4044	4.044000	1613	12.454190	0.000000	87.675438	9.033227	85.363609	9.813890
FAL03879_67a0761e_11.fast5	517120dc-2cbd-4174-9dee-0bf893f1a24f	67a0761ea992f55d7000e748e88761780ca1bb60	0	327	1	617.831250	3.480750	3480	TRUE	617.854250	3457	3.457750	1528	8.267028	0.000000	85.549973	10.450204	86.600334	10.371459
FAL03879_67a0761e_11.fast5	bd66d1a2-b3a9-466a-8158-ef7a001d1525	67a0761ea992f55d7000e748e88761780ca1bb60	0	314	4	624.026000	4.633000	4633	TRUE	624.356000	4303	4.303000	1637	12.050765	0.000000	86.612709	9.033227	84.938622	10.410629
FAL03879_67a0761e_11.fast5	a7de802b-41b0-4da0-b6cb-d4a3c83f2538	67a0761ea992f55d7000e748e88761780ca1bb60	0	506	1	654.744500	3.286250	3286	TRUE	654.800500	3230	3.230250	1551	7.467990	0.000000	87.852562	8.678983	83.584297	10.417837
FAL03879_67a0761e_11.fast5	dee105f3-444c-4e22-8b15-bafde195d01d	67a0761ea992f55d7000e748e88761780ca1bb60	0	82	1	631.839000	3.607250	3607	TRUE	631.964000	3482	3.482250	1533	7.216306	0.000000	89.269539	10.804448	90.265396	10.375270
FAL03879_67a0761e_11.fast5	9675421d-42ae-486b-9ccc-cb7c028665d9	67a0761ea992f55d7000e748e88761780ca1bb60	0	101	3	644.147250	3.199750	3199	TRUE	644.930250	2416	2.416750	1008	7.990034	0.000000	86.081345	9.210349	74.149033	10.263312
FAL03879_67a0761e_11.fast5	40d1c96c-f595-44a2-bd44-685dd9c0630e	67a0761ea992f55d7000e748e88761780ca1bb60	0	65	3	618.628000	6.269500	6269	TRUE	618.862000	6035	6.035500	1653	7.194598	0.000000	127.527916	9.564593	128.163254	13.565475
FAL03879_67a0761e_11.fast5	e735ad8e-7988-4fa1-91ed-99c018a03d51	67a0761ea992f55d7000e748e88761780ca1bb60	0	492	3	609.676000	4.760750	4760	TRUE	610.133000	4303	4.303750	1641	11.527854	0.000000	83.247391	10.981570	85.420166	10.708333
FAL03879_67a0761e_11.fast5	a0930aa5-1757-4ad2-8645-7f344035449c	67a0761ea992f55d7000e748e88761780ca1bb60	0	503	2	633.214750	6.405750	6405	TRUE	633.462750	6157	6.157750	1676	8.538545	0.000000	83.070267	8.324739	87.310982	11.273277
FAL03879_67a0761e_11.fast5	53a3e0b6-6993-445e-a828-cca712c4085c	67a0761ea992f55d7000e748e88761780ca1bb60	0	183	1	608.707250	4.063250	4063	TRUE	608.707250	4063	4.063250	1597	11.479694	0.000000	86.612709	9.033227	84.653236	10.017162
FAL03879_67a0761e_11.fast5	c19a8071-8400-408c-9034-2dffd81852ab	67a0761ea992f55d7000e748e88761780ca1bb60	0	10	4	652.409250	1.708000	1708	FALSE	652.664250	1453	1.453000	638	6.381646	0.000000	93.520470	9.564593	90.130562	10.817704
FAL03879_67a0761e_11.fast5	68873dc4-152b-441d-847b-31bb7fe9372a	67a0761ea992f55d7000e748e88761780ca1bb60	0	477	1	655.291500	4.687000	4687	TRUE	655.338500	4640	4.640000	1626	12.003672	0.000000	85.195732	10.981570	85.601700	10.140268
FAL03879_67a0761e_11.fast5	67fb6832-baa1-4249-ae2b-993da2908a01	67a0761ea992f55d7000e748e88761780ca1bb60	0	94	3	657.272000	2.417250	2417	TRUE	657.374000	2315	2.315250	953	9.238309	0.000000	82.361778	10.450204	82.892639	10.190948
FAL03879_67a0761e_11.fast5	09f196b3-da6b-4b34-9a46-858036946ebd	67a0761ea992f55d7000e748e88761780ca1bb60	0	159	4	621.635750	4.532250	4532	TRUE	621.682750	4485	4.485250	1566	10.828514	0.000000	81.121925	10.627326	83.948494	10.828496
FAL03879_67a0761e_11.fast5	2fd177c8-33a9-4a95-ba35-a51460ee5de8	67a0761ea992f55d7000e748e88761780ca1bb60	0	170	4	611.440750	5.708000	5708	TRUE	611.785750	5363	5.363000	1602	12.099707	0.000000	82.538902	11.158692	84.498856	10.252146
FAL03879_67a0761e_11.fast5	07096954-133d-4770-928e-5bbd647c96b1	67a0761ea992f55d7000e748e88761780ca1bb60	0	317	4	607.777000	5.420000	5420	TRUE	607.843000	5354	5.354000	1130	8.871558	0.000000	86.966949	9.741715	86.873062	10.259011
FAL03879_67a0761e_11.fast5	ce6318a9-cede-4364-a881-f2ae09c0a30d	67a0761ea992f55d7000e748e88761780ca1bb60	0	147	4	617.849250	8.215750	8215	TRUE	617.945250	8119	8.119750	3166	8.919193	0.000000	88.738174	9.387471	85.809265	10.361693
FAL03879_67a0761e_11.fast5	e08307a1-9e2f-4be7-84ca-48dbf1bdb02a	67a0761ea992f55d7000e748e88761780ca1bb60	0	70	2	622.096750	2.185250	2185	TRUE	622.099750	2182	2.182250	884	10.349861	0.000000	80.236313	10.450204	80.165962	9.841726
FAL03879_67a0761e_11.fast5	3b11f17e-6311-40c7-8280-c4671e6d361b	67a0761ea992f55d7000e748e88761780ca1bb60	0	255	2	642.030750	4.221750	4221	TRUE	642.089750	4162	4.162750	1665	10.707506	0.000000	83.070267	8.678983	81.005455	9.965986
FAL03879_67a0761e_11.fast5	a8a799c7-451d-413c-abec-ec8b0c3cf2ef	67a0761ea992f55d7000e748e88761780ca1bb60	0	282	4	610.485750	4.996750	4996	TRUE	610.552750	4929	4.929750	1630	12.013392	0.000000	88.383926	10.804448	90.688629	10.557443
FAL03879_67a0761e_11.fast5	49375cf8-ed64-41dd-adfc-9eb41eca5e02	67a0761ea992f55d7000e748e88761780ca1bb60	0	340	1	618.260250	4.173000	4173	TRUE	618.627250	3806	3.806000	1636	10.942986	0.000000	88.383926	9.210349	85.830421	10.479583
FAL03879_67a0761e_11.fast5	ce5bc3da-64bf-4aa3-b478-a89a19b89d18	67a0761ea992f55d7000e748e88761780ca1bb60	0	5	2	653.786750	1.782250	1782	TRUE	653.837750	1731	1.731250	715	8.952535	0.000000	86.789833	10.273082	85.279114	10.193397
FAL03879_67a0761e_11.fast5	3ffc7fee-2109-469e-9bc5-c11833c36ae4	67a0761ea992f55d7000e748e88761780ca1bb60	0	3	2	614.397250	4.850500	4850	TRUE	614.512250	4735	4.735500	1613	11.384345	0.000000	91.217880	10.450204	92.483391	10.673698
FAL03879_67a0761e_11.fast5	5a7ff5b9-1e3b-4bc5-b746-56072467241d	67a0761ea992f55d7000e748e88761780ca1bb60	0	410	4	642.160500	4.372500	4372	TRUE	642.219500	4313	4.313500	1618	11.912135	0.000000	93.697594	9.210349	90.512108	10.558062
FAL03879_67a0761e_11.fast5	c7e35bfc-9f11-45ec-96a4-dcacf5f779a2	67a0761ea992f55d7000e748e88761780ca1bb60	0	58	1	647.373500	3.420250	3420	TRUE	647.510500	3283	3.283250	759	8.968392	0.000000	94.228958	9.918838	92.975433	10.934659
FAL03879_67a0761e_11.fast5	8ff4ad57-e112-4865-88b1-d36e67a89b4d	67a0761ea992f55d7000e748e88761780ca1bb60	0	400	3	636.172750	3.768500	3768	FALSE	636.283750	3657	3.657500	1548	6.898573	0.000000	82.361778	8.678983	79.924583	9.786906
FAL03879_67a0761e_11.fast5	b5cb40fc-30e8-41cb-a0ac-d0dfdd7bd6e7	67a0761ea992f55d7000e748e88761780ca1bb60	0	179	1	642.606250	1.680000	1680	TRUE	642.992250	1294	1.294000	441	9.340659	0.000000	87.852562	10.095960	87.074287	10.850584
FAL03879_67a0761e_11.fast5	4938152c-5602-4b9e-8336-9c50cd811679	67a0761ea992f55d7000e748e88761780ca1bb60	0	408	3	612.594000	2.728250	2728	TRUE	612.809000	2513	2.513250	505	8.191944	0.000000	84.132996	8.501861	83.731689	10.609035
FAL03879_67a0761e_11.fast5	6393a86a-cc30-4c1a-b3df-027c3bce0e00	67a0761ea992f55d7000e748e88761780ca1bb60	0	392	4	614.567250	1.367500	1367	TRUE	614.645250	1289	1.289500	529	8.326460	0.000000	86.612709	9.210349	83.877914	9.964021
FAL03879_67a0761e_11.fast5	3cd05bed-a754-4e6d-8b9f-8e6768dc7ebb	67a0761ea992f55d7000e748e88761780ca1bb60	0	8	2	651.313250	6.542000	6542	TRUE	651.477250	6378	6.378000	1631	9.142742	0.000000	101.845207	9.210349	99.115211	11.338820
FAL03879_67a0761e_11.fast5	efa02d2f-708d-4fa9-a93d-d429c168839d	67a0761ea992f55d7000e748e88761780ca1bb60	0	19	4	645.299750	2.239250	2239	TRUE	645.500750	2038	2.038250	981	8.811151	0.000000	92.989105	8.678983	89.940933	11.015065
FAL03879_67a0761e_11.fast5	93d2bd1a-3e66-4434-a2a2-7a91d99874d5	67a0761ea992f55d7000e748e88761780ca1bb60	0	3	2	633.698250	2.893500	2893	TRUE	633.718250	2873	2.873500	1222	7.875669	0.000000	96.177299	10.450204	91.166862	10.582737
FAL03879_67a0761e_11.fast5	edde2a61-a0b4-4ffb-8cc7-29e544cabbcf	67a0761ea992f55d7000e748e88761780ca1bb60	0	104	3	652.290750	3.048250	3048	TRUE	653.260750	2078	2.078250	526	7.502350	0.000000	82.893143	9.033227	81.305786	10.348165
FAL03879_67a0761e_11.fast5	6c7b9c21-f579-4c76-8e28-333586c30b80	67a0761ea992f55d7000e748e88761780ca1bb60	0	465	2	630.609500	4.397000	4397	TRUE	630.700500	4306	4.306000	1591	11.220485	0.000000	95.645935	9.564593	93.748535	10.725580
FAL03879_67a0761e_11.fast5	31547e7a-428c-4cc9-a5e8-bb2b57647551	67a0761ea992f55d7000e748e88761780ca1bb60	0	293	2	652.248250	4.788000	4788	TRUE	652.374250	4662	4.662000	1705	8.017311	0.000000	82.716019	8.501861	82.082382	9.746467
FAL03879_67a0761e_11.fast5	9d3540a0-d7f1-4ca1-8796-6df5d3e42b9e	67a0761ea992f55d7000e748e88761780ca1bb60	0	378	1	643.210000	2.590750	2590	TRUE	643.285000	2515	2.515750	774	9.712626	0.000000	85.904221	9.033227	85.109383	10.106040
FAL03879_67a0761e_11.fast5	b68d43d6-f6b8-4ae7-aadb-b887041eb4d9	67a0761ea992f55d7000e748e88761780ca1bb60	0	83	3	647.814500	4.080000	4080	TRUE	647.864500	4030	4.030000	1644	11.220422	0.000000	89.623787	8.856105	86.107864	10.253145
FAL03879_67a0761e_11.fast5	b35ed18b-afda-4091-8771-5a2771a10b55	67a0761ea992f55d7000e748e88761780ca1bb60	0	198	3	649.722750	4.880000	4880	TRUE	649.871750	4731	4.731000	1628	11.713113	0.000000	77.402359	10.804448	80.256760	9.811980
FAL03879_67a0761e_11.fast5	17edcc30-804a-48a3-926e-7ad486362596	67a0761ea992f55d7000e748e88761780ca1bb60	0	61	1	615.910250	4.269000	4269	TRUE	615.989250	4190	4.190000	1597	10.465997	0.000000	80.413437	10.450204	83.797318	10.362029
FAL03879_67a0761e_11.fast5	4e28de26-d3ac-4a68-ba26-67032b6d98ed	67a0761ea992f55d7000e748e88761780ca1bb60	0	102	2	616.901000	4.383750	4383	TRUE	616.955000	4329	4.329750	1609	9.803633	0.000000	88.206810	9.033227	85.372772	10.320108
FAL03879_67a0761e_11.fast5	36184d3e-dd80-4467-847d-ecb0b5f30618	67a0761ea992f55d7000e748e88761780ca1bb60	0	401	2	652.024000	3.921000	3921	TRUE	652.127000	3818	3.818000	1618	9.053243	0.000000	98.834129	8.856105	95.676544	10.922088
FAL03879_67a0761e_11.fast5	63f9e145-fc95-4b28-984b-f1b3a9b1bb48	67a0761ea992f55d7000e748e88761780ca1bb60	0	406	2	647.373500	4.613750	4613	TRUE	647.393500	4593	4.593750	1640	10.088905	0.000000	87.321198	11.335814	88.989441	10.443743
FAL03879_67a0761e_11.fast5	6b2b0eae-903d-4678-9d68-a47a3d7e71b6	67a0761ea992f55d7000e748e88761780ca1bb60	0	496	1	607.212750	4.507750	4507	TRUE	607.392750	4327	4.327750	1606	12.089277	0.000000	88.383926	9.210349	86.570694	10.308448
FAL03879_67a0761e_11.fast5	094d5c2b-9d40-4ee2-87a7-e5af3be1538a	67a0761ea992f55d7000e748e88761780ca1bb60	0	157	1	629.242000	4.296750	4296	TRUE	629.267000	4271	4.271750	1575	10.969846	0.000000	89.092415	8.678983	86.717613	10.396223
FAL03879_67a0761e_11.fast5	72e7ebb6-bc85-44a4-8b70-8ed416ce18ef	67a0761ea992f55d7000e748e88761780ca1bb60	0	215	2	649.965000	3.677500	3677	TRUE	649.983000	3659	3.659500	1560	10.319257	0.000000	84.664368	10.804448	85.651268	10.244441
FAL03879_67a0761e_11.fast5	87870512-0ea2-4aa0-8959-fa702459be68	67a0761ea992f55d7000e748e88761780ca1bb60	0	290	1	610.408250	4.108250	4108	TRUE	610.425250	4091	4.091250	1607	10.358547	0.000000	88.915298	8.856105	86.718559	10.610207
FAL03879_67a0761e_11.fast5	d1e8aadb-8294-4818-bce9-f69621420322	67a0761ea992f55d7000e748e88761780ca1bb60	0	502	1	644.650500	4.011000	4011	TRUE	644.676500	3985	3.985000	1583	9.966363	0.000000	90.509392	8.856105	86.737877	10.122669
FAL03879_67a0761e_11.fast5	acbc92ee-285a-4197-8093-cc70611da4c1	67a0761ea992f55d7000e748e88761780ca1bb60	0	430	1	657.376250	2.311250	2311	TRUE	657.564250	2123	2.123250	906	7.757923	0.000000	88.561050	9.918838	87.974411	10.523532
FAL03879_67a0761e_11.fast5	0a362437-323f-4a9e-b613-5bf83f6f0abc	67a0761ea992f55d7000e748e88761780ca1bb60	0	229	2	610.824750	3.144500	3144	TRUE	611.000750	2968	2.968500	1098	7.997849	0.000000	87.675438	9.033227	85.812248	10.228560
FAL03879_67a0761e_11.fast5	8bd75486-6095-4610-8332-650dd65f8cda	67a0761ea992f55d7000e748e88761780ca1bb60	0	271	4	650.955250	4.129250	4129	TRUE	651.008250	4076	4.076250	1600	9.071648	0.000000	77.579483	9.918838	80.092216	9.551317
FAL03879_67a0761e_11.fast5	af466b8c-7e05-4afe-a6f1-c10a5c9bb4f2	67a0761ea992f55d7000e748e88761780ca1bb60	0	413	2	609.769750	6.195000	6195	TRUE	609.872750	6092	6.092000	1613	8.972587	0.000000	85.195732	10.273082	86.285049	10.581145
FAL03879_67a0761e_11.fast5	ad2c5cdc-d170-4270-93b9-2240060255cb	67a0761ea992f55d7000e748e88761780ca1bb60	0	232	1	648.707750	1.771250	1771	TRUE	648.912750	1566	1.566250	618	7.838490	0.000000	85.727097	10.273082	82.966980	10.368371
FAL03879_67a0761e_11.fast5	6df6cc73-de87-4749-8cdd-1ec4e3eedef1	67a0761ea992f55d7000e748e88761780ca1bb60	0	293	2	635.054000	1.286500	1286	TRUE	635.088000	1252	1.252500	539	8.531908	0.000000	79.704948	9.741715	80.111626	10.612423
FAL03879_67a0761e_11.fast5	cf0aa4e1-8323-4264-9d1c-104382d74e65	67a0761ea992f55d7000e748e88761780ca1bb60	0	166	3	631.399500	2.866250	2866	TRUE	631.528500	2737	2.737250	598	8.188204	0.000000	85.195732	9.741715	84.758499	10.151890
FAL03879_67a0761e_11.fast5	8445d244-291c-46a6-b5d6-95c382421816	67a0761ea992f55d7000e748e88761780ca1bb60	0	6	2	653.517750	4.029500	4029	TRUE	653.767750	3779	3.779500	1534	7.151978	0.000000	86.258461	10.627326	86.234337	10.435477
FAL03879_67a0761e_11.fast5	4d8ec136-09fd-4985-8c68-a18ebce70475	67a0761ea992f55d7000e748e88761780ca1bb60	0	235	4	649.126750	2.752000	2752	TRUE	649.350750	2528	2.528000	850	9.310386	0.000000	84.487244	9.918838	82.058861	10.069146
FAL03879_67a0761e_11.fast5	9a1ac885-4d7e-454d-a726-c01a09d927bf	67a0761ea992f55d7000e748e88761780ca1bb60	0	11	3	648.927750	5.026250	5026	TRUE	649.197750	4756	4.756250	1569	11.026822	0.000000	89.092415	11.335814	91.516701	10.776658
FAL03879_67a0761e_11.fast5	1e4aa867-9300-422a-a0ac-6e681f97b1a2	67a0761ea992f55d7000e748e88761780ca1bb60	0	184	3	622.149750	3.576500	3576	TRUE	622.194750	3531	3.531500	891	8.364048	0.000000	82.538902	10.095960	80.869637	10.361847
FAL03879_67a0761e_11.fast5	622046c6-dcd1-480b-ab21-49ed2ad021b0	67a0761ea992f55d7000e748e88761780ca1bb60	0	441	4	644.361000	4.115500	4115	TRUE	644.558000	3918	3.918500	1645	9.454598	0.000000	92.457733	10.450204	91.845802	10.425294
FAL03879_67a0761e_11.fast5	cfdd0fbf-c709-4fb0-ac0d-912aaaf3b5c6	67a0761ea992f55d7000e748e88761780ca1bb60	0	98	3	618.996250	4.798750	4798	TRUE	619.136250	4658	4.658750	1629	7.605681	0.000000	85.195732	10.095960	83.297264	10.176125
FAL03879_67a0761e_11.fast5	83537d7b-3ab6-4413-9f31-45d6fe130ed0	67a0761ea992f55d7000e748e88761780ca1bb60	0	33	3	655.459000	3.325000	3325	TRUE	655.701000	3083	3.083000	1172	8.603854	0.000000	89.269539	10.627326	85.297577	10.326442
FAL03879_67a0761e_11.fast5	8d4cb1da-2d1e-4432-a7fd-49ea133575f7	67a0761ea992f55d7000e748e88761780ca1bb60	0	426	3	616.842000	1.741250	1741	FALSE	616.999000	1584	1.584250	776	6.593117	0.000000	89.800903	10.095960	86.460548	10.511851
FAL03879_67a0761e_11.fast5	b3b57268-c6aa-4c17-9c7d-f05af540c8db	67a0761ea992f55d7000e748e88761780ca1bb60	0	116	1	615.414500	4.705250	4705	TRUE	615.442500	4677	4.677250	1644	11.137025	0.000000	85.018608	11.158692	88.193329	10.848667
FAL03879_67a0761e_11.fast5	d75bf8cf-09ee-4c38-9c6f-6f0f15258d2c	67a0761ea992f55d7000e748e88761780ca1bb60	0	168	1	653.050250	3.489250	3489	TRUE	653.215250	3324	3.324250	1087	9.304333	0.000000	86.081345	10.627326	84.953766	9.891710
FAL03879_67a0761e_11.fast5	07ef99cb-6bb7-48ca-be84-93c9fc5cb31f	67a0761ea992f55d7000e748e88761780ca1bb60	0	359	2	659.116750	0.943750	943	TRUE	659.148750	911	0.911750	325	9.254265	0.000000	83